xof 0303txt 0032
Frame Swarm09 {
	FrameTransformMatrix {
		1.000000,0.000000,0.000000,0.000000,
		0.000000,1.000000,0.000000,0.000000,
		0.000000,0.000000,1.000000,0.000000,
		0.000000,0.000000,0.000000,1.000000;;
	}
}
Frame Root {
	FrameTransformMatrix {
		-0.000000,0.297129,-0.954837,0.000000,
		0.000000,0.954837,0.297129,0.000000,
		1.000000,0.000000,-0.000000,0.000000,
		0.000000,0.000000,0.000000,1.000000;;
	}
	Frame Body {
		FrameTransformMatrix {
			0.044514,-0.998995,-0.005246,0.000000,
			0.998391,0.044301,0.035405,0.000000,
			-0.035137,-0.006814,0.999359,0.000000,
			74.865913,-5.571959,0.000000,1.000000;;
		}
		Frame Spine {
			FrameTransformMatrix {
				0.775760,-0.630027,0.035527,0.000000,
				-0.630450,-0.776230,0.000896,0.000000,
				0.027013,-0.023093,-0.999368,0.000000,
				17.368114,0.366834,-0.046199,1.000000;;
			}
			Frame Head {
				FrameTransformMatrix {
					0.020320,0.055652,-0.998243,0.000000,
					-0.987010,0.160272,-0.011156,0.000000,
					0.159370,0.985503,0.058186,0.000000,
					21.255896,1.326364,0.000000,1.000000;;
				}
			}
			Frame WingLeft01 {
				FrameTransformMatrix {
					0.493347,-0.295521,-0.818093,0.000000,
					-0.660024,0.485405,-0.573368,0.000000,
					0.566548,0.822830,0.044422,0.000000,
					-5.692715,-9.977872,-12.765227,1.000000;;
				}
				Frame WingLeft02 {
					FrameTransformMatrix {
						0.955519,0.018603,0.294343,0.000000,
						-0.019465,0.999811,0.000000,0.000000,
						-0.294287,-0.005729,0.955700,0.000000,
						36.257202,0.000000,0.053071,1.000000;;
					}
					Frame WingLeft03 {
						FrameTransformMatrix {
							0.717713,0.000000,0.696339,0.000000,
							0.000000,1.000000,0.000000,0.000000,
							-0.696339,0.000000,0.717713,0.000000,
							32.671734,-1.589535,-0.329350,1.000000;;
						}
					}
				}
			}
			Frame WingRight01 {
				FrameTransformMatrix {
					0.897151,0.441408,0.016715,0.000000,
					0.245105,-0.528936,0.812496,0.000000,
					0.367484,-0.724835,-0.582727,0.000000,
					-5.692714,-9.977870,12.765200,1.000000;;
				}
				Frame WingRight02 {
					FrameTransformMatrix {
						0.955519,0.018603,0.294343,0.000000,
						-0.019465,0.999811,0.000000,0.000000,
						-0.294287,-0.005729,0.955700,0.000000,
						-37.194427,0.000036,-0.066745,1.000000;;
					}
					Frame WingRight03 {
						FrameTransformMatrix {
							0.717713,0.000000,0.696339,0.000000,
							0.000000,1.000000,0.000000,0.000000,
							-0.696339,0.000000,0.717713,0.000000,
							-29.777288,0.727839,0.767821,1.000000;;
						}
					}
				}
			}
		}
		Frame Tail01 {
			FrameTransformMatrix {
				-0.571364,-0.819552,-0.043335,0.000000,
				-0.808514,0.571161,-0.141703,0.000000,
				0.140884,-0.045927,-0.988960,0.000000,
				-12.309352,-16.374161,0.000000,1.000000;;
			}
			Frame Tail02 {
				FrameTransformMatrix {
					0.099993,0.202531,-0.974157,0.000000,
					-0.174003,0.967536,0.183294,0.000000,
					0.979655,0.151178,0.131988,0.000000,
					22.326380,-2.315724,0.000000,1.000000;;
				}
			}
		}
	}
}
AnimationSet Take_001 {
	Animation {
		{Body}
		AnimationKey {
			4;
			21;
			0;16;
			0.149472,-0.988710,-0.010546,0.000000,
			0.988496,0.149672,-0.021760,0.000000,
			0.023093,-0.007172,0.999708,0.000000,
			62.230225,0.000000,0.000000,1.000000;;,
			1;16;
			0.146440,-0.989177,-0.009204,0.000000,
			0.988974,0.146604,-0.020898,0.000000,
			0.022021,-0.006042,0.999739,0.000000,
			62.594215,-0.160509,0.000000,1.000000;;,
			2;16;
			0.138283,-0.990378,-0.005465,0.000000,
			0.990205,0.138362,-0.018694,0.000000,
			0.019270,-0.002826,0.999810,0.000000,
			63.582191,-0.596177,0.000000,1.000000;;,
			3;16;
			0.126216,-0.992003,0.000000,0.000000,
			0.991886,0.126201,-0.015339,0.000000,
			0.015216,0.001936,0.999882,0.000000,
			65.038155,-1.238213,0.000000,1.000000;;,
			4;16;
			0.111554,-0.993738,0.006423,0.000000,
			0.993705,0.111478,-0.011121,0.000000,
			0.010335,0.007623,0.999918,0.000000,
			66.806114,-2.017829,0.000000,1.000000;;,
			5;16;
			0.095528,-0.995338,0.013326,0.000000,
			0.995414,0.095451,-0.006327,0.000000,
			0.005025,0.013869,0.999891,0.000000,
			68.730064,-2.866234,0.000000,1.000000;;,
			6;16;
			0.079475,-0.996635,0.020036,0.000000,
			0.996837,0.079466,-0.001246,0.000000,
			-0.000350,0.020072,0.999798,0.000000,
			70.654015,-3.714640,0.000000,1.000000;;,
			7;16;
			0.064744,-0.997561,0.026075,0.000000,
			0.997888,0.064857,0.003546,0.000000,
			-0.005229,0.025790,0.999654,0.000000,
			72.421974,-4.494255,0.000000,1.000000;;,
			8;16;
			0.052490,-0.998141,0.030962,0.000000,
			0.998578,0.052750,0.007666,0.000000,
			-0.009285,0.030516,0.999491,0.000000,
			73.877937,-5.136292,0.000000,1.000000;;,
			9;16;
			0.044254,-0.998434,0.034220,0.000000,
			0.998949,0.044634,0.010444,0.000000,
			-0.011955,0.033722,0.999360,0.000000,
			74.865913,-5.571959,0.000000,1.000000;;,
			10;16;
			0.041189,-0.998525,0.035370,0.000000,
			0.999067,0.041618,0.011497,0.000000,
			-0.012952,0.034863,0.999308,0.000000,
			75.229904,-5.732469,0.000000,1.000000;;,
			11;16;
			0.044254,-0.998434,0.034220,0.000000,
			0.998949,0.044634,0.010444,0.000000,
			-0.011955,0.033722,0.999360,0.000000,
			74.865913,-5.571959,0.000000,1.000000;;,
			12;16;
			0.052490,-0.998141,0.030962,0.000000,
			0.998578,0.052750,0.007666,0.000000,
			-0.009285,0.030516,0.999491,0.000000,
			73.877937,-5.136292,0.000000,1.000000;;,
			13;16;
			0.064744,-0.997561,0.026075,0.000000,
			0.997888,0.064857,0.003546,0.000000,
			-0.005229,0.025790,0.999654,0.000000,
			72.421974,-4.494256,0.000000,1.000000;;,
			14;16;
			0.079475,-0.996635,0.020036,0.000000,
			0.996837,0.079466,-0.001246,0.000000,
			-0.000350,0.020072,0.999798,0.000000,
			70.654022,-3.714640,0.000000,1.000000;;,
			15;16;
			0.095528,-0.995338,0.013326,0.000000,
			0.995414,0.095451,-0.006327,0.000000,
			0.005025,0.013869,0.999891,0.000000,
			68.730064,-2.866235,0.000000,1.000000;;,
			16;16;
			0.111554,-0.993738,0.006423,0.000000,
			0.993705,0.111478,-0.011121,0.000000,
			0.010335,0.007623,0.999918,0.000000,
			66.806114,-2.017829,0.000000,1.000000;;,
			17;16;
			0.126216,-0.992003,0.000000,0.000000,
			0.991886,0.126201,-0.015339,0.000000,
			0.015216,0.001936,0.999882,0.000000,
			65.038155,-1.238214,0.000000,1.000000;;,
			18;16;
			0.138283,-0.990378,-0.005465,0.000000,
			0.990205,0.138362,-0.018694,0.000000,
			0.019270,-0.002826,0.999810,0.000000,
			63.582191,-0.596177,0.000000,1.000000;;,
			19;16;
			0.146440,-0.989177,-0.009204,0.000000,
			0.988974,0.146604,-0.020898,0.000000,
			0.022021,-0.006042,0.999739,0.000000,
			62.594219,-0.160509,0.000000,1.000000;;,
			20;16;
			0.149472,-0.988710,-0.010546,0.000000,
			0.988496,0.149672,-0.021760,0.000000,
			0.023093,-0.007172,0.999708,0.000000,
			62.230225,0.000000,0.000000,1.000000;;;
		}
	}
	Animation {
		{Spine}
		AnimationKey {
			4;
			21;
			0;16;
			0.835127,-0.550057,0.000000,0.000000,
			-0.550057,-0.835127,0.000000,0.000000,
			0.000000,0.000000,-1.000000,0.000000,
			16.183891,0.000000,0.000000,1.000000;;,
			1;16;
			0.836390,-0.548135,-0.000671,0.000000,
			-0.548134,-0.836390,0.000575,0.000000,
			-0.000876,-0.000113,-1.000000,0.000000,
			16.211473,0.008544,-0.001076,1.000000;;,
			2;16;
			0.839839,-0.542830,-0.002397,0.000000,
			-0.542826,-0.839843,0.002013,0.000000,
			-0.003106,-0.000389,-0.999995,0.000000,
			16.287100,0.031971,-0.004026,1.000000;;,
			3;16;
			0.844946,-0.534829,-0.004985,0.000000,
			-0.534813,-0.844960,0.004122,0.000000,
			-0.006417,-0.000817,-0.999979,0.000000,
			16.400095,0.066973,-0.008434,1.000000;;,
			4;16;
			0.851175,-0.524816,-0.008341,0.000000,
			-0.524775,-0.851214,0.006710,0.000000,
			-0.010621,-0.001335,-0.999943,0.000000,
			16.539782,0.110243,-0.013884,1.000000;;,
			5;16;
			0.857912,-0.513654,-0.012080,0.000000,
			-0.513570,-0.857995,0.009490,0.000000,
			-0.015239,-0.001938,-0.999882,0.000000,
			16.695484,0.158475,-0.019958,1.000000;;,
			6;16;
			0.864728,-0.501982,-0.016106,0.000000,
			-0.501838,-0.864874,0.012270,0.000000,
			-0.020089,-0.002528,-0.999795,0.000000,
			16.856524,0.208360,-0.026241,1.000000;;,
			7;16;
			0.871140,-0.490630,-0.019940,0.000000,
			-0.490418,-0.871362,0.014761,0.000000,
			-0.024617,-0.003080,-0.999692,0.000000,
			17.012226,0.256591,-0.032315,1.000000;;,
			8;16;
			0.876795,-0.480285,-0.023582,0.000000,
			-0.479996,-0.877105,0.017060,0.000000,
			-0.028878,-0.003638,-0.999576,0.000000,
			17.151913,0.299861,-0.037764,1.000000;;,
			9;16;
			0.881206,-0.471992,-0.026458,0.000000,
			-0.471636,-0.881593,0.018783,0.000000,
			-0.032191,-0.004073,-0.999473,0.000000,
			17.264908,0.334864,-0.042172,1.000000;;,
			10;16;
			0.884170,-0.466296,-0.028470,0.000000,
			-0.465894,-0.884618,0.019836,0.000000,
			-0.034435,-0.004275,-0.999398,0.000000,
			17.340534,0.358290,-0.045123,1.000000;;,
			11;16;
			0.885224,-0.464252,-0.029141,0.000000,
			-0.463828,-0.885692,0.020315,0.000000,
			-0.035242,-0.004467,-0.999369,0.000000,
			17.368114,0.366834,-0.046199,1.000000;;,
			12;16;
			0.883643,-0.467318,-0.028087,0.000000,
			-0.466924,-0.884079,0.019645,0.000000,
			-0.034012,-0.004245,-0.999412,0.000000,
			17.327505,0.354254,-0.044614,1.000000;;,
			13;16;
			0.879415,-0.475382,-0.025308,0.000000,
			-0.475056,-0.879771,0.018017,0.000000,
			-0.030830,-0.003822,-0.999517,0.000000,
			17.218666,0.320540,-0.040368,1.000000;;,
			14;16;
			0.873133,-0.487022,-0.021186,0.000000,
			-0.486783,-0.873383,0.015623,0.000000,
			-0.026113,-0.003328,-0.999653,0.000000,
			17.061094,0.271729,-0.034221,1.000000;;,
			15;16;
			0.865444,-0.500734,-0.016490,0.000000,
			-0.500584,-0.865597,0.012557,0.000000,
			-0.020561,-0.002613,-0.999785,0.000000,
			16.874283,0.213861,-0.026933,1.000000;;,
			16;16;
			0.857127,-0.514972,-0.011696,0.000000,
			-0.514894,-0.857205,0.009107,0.000000,
			-0.014716,-0.001784,-0.999890,0.000000,
			16.677725,0.152973,-0.019265,1.000000;;,
			17;16;
			0.849011,-0.528325,-0.007190,0.000000,
			-0.528294,-0.849041,0.005848,0.000000,
			-0.009195,-0.001166,-0.999957,0.000000,
			16.490913,0.095105,-0.011977,1.000000;;,
			18;16;
			0.841964,-0.539523,-0.003451,0.000000,
			-0.539515,-0.841971,0.002876,0.000000,
			-0.004457,-0.000560,-0.999990,0.000000,
			16.333342,0.046295,-0.005830,1.000000;;,
			19;16;
			0.837020,-0.547172,-0.000959,0.000000,
			-0.547171,-0.837020,0.000766,0.000000,
			-0.001222,-0.000117,-0.999999,0.000000,
			16.224503,0.012580,-0.001584,1.000000;;,
			20;16;
			0.835127,-0.550057,0.000000,0.000000,
			-0.550057,-0.835127,0.000000,0.000000,
			0.000000,0.000000,-1.000000,0.000000,
			16.183891,0.000000,0.000000,1.000000;;;
		}
	}
	Animation {
		{Head}
		AnimationKey {
			4;
			21;
			0;16;
			0.006902,-0.001197,-0.999975,0.000000,
			-0.988869,0.148624,-0.007003,0.000000,
			0.148628,0.988893,-0.000158,0.000000,
			21.255896,1.326364,0.000000,1.000000;;,
			1;16;
			0.007427,-0.000880,-0.999972,0.000000,
			-0.988751,0.149382,-0.007475,0.000000,
			0.149384,0.988779,0.000240,0.000000,
			21.255896,1.326364,0.000000,1.000000;;,
			2;16;
			0.008895,-0.000009,-0.999960,0.000000,
			-0.988438,0.151371,-0.008794,0.000000,
			0.151365,0.988477,0.001338,0.000000,
			21.255896,1.326364,0.000000,1.000000;;,
			3;16;
			0.010996,0.001262,-0.999939,0.000000,
			-0.987921,0.154590,-0.010668,0.000000,
			0.154567,0.987978,0.002947,0.000000,
			21.255896,1.326364,0.000000,1.000000;;,
			4;16;
			0.013729,0.002934,-0.999901,0.000000,
			-0.987277,0.158468,-0.013091,0.000000,
			0.158414,0.987360,0.005072,0.000000,
			21.255896,1.326364,0.000000,1.000000;;,
			5;16;
			0.016785,0.004853,-0.999847,0.000000,
			-0.986515,0.162910,-0.015770,0.000000,
			0.162809,0.986629,0.007522,0.000000,
			21.255896,1.326364,0.000000,1.000000;;,
			6;16;
			0.020043,0.006842,-0.999776,0.000000,
			-0.985674,0.167631,-0.018613,0.000000,
			0.167466,0.985826,0.010104,0.000000,
			21.255896,1.326364,0.000000,1.000000;;,
			7;16;
			0.023301,0.008831,-0.999689,0.000000,
			-0.984803,0.172346,-0.021431,0.000000,
			0.172103,0.984997,0.012713,0.000000,
			21.255896,1.326364,0.000000,1.000000;;,
			8;16;
			0.026438,0.010643,-0.999594,0.000000,
			-0.983955,0.176773,-0.024143,0.000000,
			0.176444,0.984194,0.015145,0.000000,
			21.255896,1.326364,0.000000,1.000000;;,
			9;16;
			0.029075,0.012326,-0.999501,0.000000,
			-0.983197,0.180631,-0.026373,0.000000,
			0.180216,0.983474,0.017371,0.000000,
			21.255896,1.326364,0.000000,1.000000;;,
			10;16;
			0.031269,0.013585,-0.999419,0.000000,
			-0.982570,0.183734,-0.028245,0.000000,
			0.183243,0.982882,0.019093,0.000000,
			21.255896,1.326364,0.000000,1.000000;;,
			11;16;
			0.032641,0.014468,-0.999362,0.000000,
			-0.982148,0.185801,-0.029389,0.000000,
			0.185257,0.982481,0.020275,0.000000,
			21.255896,1.326364,0.000000,1.000000;;,
			12;16;
			0.033166,0.014786,-0.999340,0.000000,
			-0.981992,0.186552,-0.029830,0.000000,
			0.185988,0.982334,0.020707,0.000000,
			21.255896,1.326364,0.000000,1.000000;;,
			13;16;
			0.032116,0.014151,-0.999384,0.000000,
			-0.982321,0.184955,-0.028949,0.000000,
			0.184432,0.982645,0.019841,0.000000,
			21.255896,1.326364,0.000000,1.000000;;,
			14;16;
			0.029075,0.012326,-0.999501,0.000000,
			-0.983197,0.180631,-0.026373,0.000000,
			0.180216,0.983474,0.017371,0.000000,
			21.255896,1.326364,0.000000,1.000000;;,
			15;16;
			0.024876,0.009784,-0.999643,0.000000,
			-0.984374,0.174607,-0.022787,0.000000,
			0.174322,0.984590,0.013975,0.000000,
			21.255896,1.326364,0.000000,1.000000;;,
			16;16;
			0.020043,0.006842,-0.999776,0.000000,
			-0.985674,0.167631,-0.018613,0.000000,
			0.167466,0.985826,0.010104,0.000000,
			21.255896,1.326364,0.000000,1.000000;;,
			17;16;
			0.015209,0.003900,-0.999877,0.000000,
			-0.986908,0.160642,-0.014386,0.000000,
			0.160566,0.987005,0.006292,0.000000,
			21.255896,1.326364,0.000000,1.000000;;,
			18;16;
			0.010996,0.001262,-0.999939,0.000000,
			-0.987921,0.154590,-0.010668,0.000000,
			0.154567,0.987978,0.002947,0.000000,
			21.255896,1.326364,0.000000,1.000000;;,
			19;16;
			0.008059,-0.000479,-0.999967,0.000000,
			-0.988618,0.150234,-0.008040,0.000000,
			0.150233,0.988650,0.000737,0.000000,
			21.255896,1.326364,0.000000,1.000000;;,
			20;16;
			0.006902,-0.001197,-0.999975,0.000000,
			-0.988869,0.148624,-0.007003,0.000000,
			0.148628,0.988893,-0.000158,0.000000,
			21.255896,1.326364,0.000000,1.000000;;;
		}
	}
	Animation {
		{WingLeft01}
		AnimationKey {
			4;
			21;
			0;16;
			-0.361309,-0.813257,-0.456146,0.000000,
			-0.929921,0.278297,0.240411,0.000000,
			-0.068572,0.511042,-0.856816,0.000000,
			-5.692715,-9.977872,-12.765227,1.000000;;,
			1;16;
			0.300073,0.383334,-0.873505,0.000000,
			-0.927763,0.330231,-0.173792,0.000000,
			0.221838,0.862556,0.454737,0.000000,
			-5.692715,-9.977872,-12.765227,1.000000;;,
			2;16;
			-0.383142,-0.806539,-0.450218,0.000000,
			-0.920200,0.290954,0.261875,0.000000,
			-0.080220,0.514626,-0.853654,0.000000,
			-5.692715,-9.977872,-12.765227,1.000000;;,
			3;16;
			0.274065,0.380409,-0.883277,0.000000,
			-0.924918,0.355873,-0.133718,0.000000,
			0.263467,0.853606,0.449379,0.000000,
			-5.692715,-9.977872,-12.765227,1.000000;;,
			4;16;
			-0.436916,-0.788365,-0.433110,0.000000,
			-0.892884,0.321817,0.314946,0.000000,
			-0.108910,0.524323,-0.844526,0.000000,
			-5.692715,-9.977872,-12.765227,1.000000;;,
			5;16;
			0.231366,0.377287,-0.896730,0.000000,
			-0.915464,0.396363,-0.069435,0.000000,
			0.329234,0.836989,0.437098,0.000000,
			-5.692715,-9.977872,-12.765227,1.000000;;,
			6;16;
			-0.502724,-0.762696,-0.406894,0.000000,
			-0.852365,0.358931,0.380318,0.000000,
			-0.144020,0.538018,-0.830539,0.000000,
			-5.692715,-9.977872,-12.765227,1.000000;;,
			7;16;
			0.185285,0.376120,-0.907856,0.000000,
			-0.898994,0.437955,-0.002033,0.000000,
			0.396836,0.816534,0.419277,0.000000,
			-5.692715,-9.977872,-12.765227,1.000000;;,
			8;16;
			-0.557580,-0.738035,-0.380012,0.000000,
			-0.811835,0.389244,0.435216,0.000000,
			-0.173287,0.551175,-0.816197,0.000000,
			-5.692715,-9.977872,-12.765227,1.000000;;,
			9;16;
			0.153424,0.376587,-0.913588,0.000000,
			-0.883984,0.465496,0.043428,0.000000,
			0.441627,0.800934,0.404315,0.000000,
			-5.692715,-9.977872,-12.765227,1.000000;;,
			10;16;
			-0.580119,-0.726930,-0.367471,0.000000,
			-0.793172,0.401513,0.457893,0.000000,
			-0.185312,0.557100,-0.809506,0.000000,
			-5.692715,-9.977872,-12.765227,1.000000;;,
			11;16;
			0.153424,0.376587,-0.913588,0.000000,
			-0.883984,0.465496,0.043428,0.000000,
			0.441627,0.800934,0.404315,0.000000,
			-5.692715,-9.977872,-12.765227,1.000000;;,
			12;16;
			-0.557580,-0.738035,-0.380012,0.000000,
			-0.811835,0.389244,0.435216,0.000000,
			-0.173287,0.551175,-0.816197,0.000000,
			-5.692715,-9.977872,-12.765227,1.000000;;,
			13;16;
			0.185285,0.376120,-0.907856,0.000000,
			-0.898994,0.437955,-0.002033,0.000000,
			0.396836,0.816534,0.419277,0.000000,
			-5.692715,-9.977872,-12.765227,1.000000;;,
			14;16;
			-0.502724,-0.762696,-0.406894,0.000000,
			-0.852365,0.358931,0.380318,0.000000,
			-0.144020,0.538018,-0.830539,0.000000,
			-5.692715,-9.977872,-12.765227,1.000000;;,
			15;16;
			0.231366,0.377287,-0.896730,0.000000,
			-0.915464,0.396363,-0.069435,0.000000,
			0.329234,0.836989,0.437098,0.000000,
			-5.692715,-9.977872,-12.765227,1.000000;;,
			16;16;
			-0.436916,-0.788365,-0.433110,0.000000,
			-0.892884,0.321817,0.314946,0.000000,
			-0.108910,0.524323,-0.844526,0.000000,
			-5.692715,-9.977872,-12.765227,1.000000;;,
			17;16;
			0.274065,0.380409,-0.883277,0.000000,
			-0.924918,0.355873,-0.133718,0.000000,
			0.263467,0.853606,0.449379,0.000000,
			-5.692715,-9.977872,-12.765227,1.000000;;,
			18;16;
			-0.383142,-0.806539,-0.450218,0.000000,
			-0.920200,0.290954,0.261875,0.000000,
			-0.080220,0.514626,-0.853654,0.000000,
			-5.692715,-9.977872,-12.765227,1.000000;;,
			19;16;
			0.300073,0.383334,-0.873505,0.000000,
			-0.927763,0.330231,-0.173792,0.000000,
			0.221838,0.862556,0.454737,0.000000,
			-5.692715,-9.977872,-12.765227,1.000000;;,
			20;16;
			-0.361309,-0.813257,-0.456146,0.000000,
			-0.929921,0.278297,0.240411,0.000000,
			-0.068572,0.511042,-0.856816,0.000000,
			-5.692715,-9.977872,-12.765227,1.000000;;;
		}
	}
	Animation {
		{WingLeft02}
		AnimationKey {
			4;
			21;
			0;16;
			0.994404,0.000000,-0.105648,0.000000,
			0.000000,1.000000,0.000000,0.000000,
			0.105648,0.000000,0.994404,0.000000,
			32.611206,0.000000,0.000000,1.000000;;,
			1;16;
			0.955707,0.000000,0.294319,0.000000,
			0.000000,1.000000,0.000000,0.000000,
			-0.294319,0.000000,0.955707,0.000000,
			32.705452,0.000000,0.001372,1.000000;;,
			2;16;
			0.994404,0.000286,-0.105648,0.000000,
			-0.000288,1.000000,-0.000004,0.000000,
			0.105648,0.000035,0.994404,0.000000,
			32.968571,0.000000,0.005202,1.000000;;,
			3;16;
			0.955707,0.001012,0.294319,0.000000,
			-0.001054,0.999999,-0.000015,0.000000,
			-0.294318,-0.000296,0.955707,0.000000,
			33.373074,0.000000,0.011090,1.000000;;,
			4;16;
			0.994400,0.002855,-0.105648,0.000000,
			-0.002876,0.999996,-0.000042,0.000000,
			0.105647,0.000346,0.994404,0.000000,
			33.884594,0.000000,0.018535,1.000000;;,
			5;16;
			0.955693,0.005338,0.294318,0.000000,
			-0.005560,0.999985,-0.000081,0.000000,
			-0.294314,-0.001559,0.955707,0.000000,
			34.456696,0.000000,0.026863,1.000000;;,
			6;16;
			0.994362,0.009137,-0.105648,0.000000,
			-0.009203,0.999958,-0.000134,0.000000,
			0.105642,0.001106,0.994404,0.000000,
			35.033638,0.000000,0.035261,1.000000;;,
			7;16;
			0.955625,0.012608,0.294317,0.000000,
			-0.013133,0.999914,-0.000191,0.000000,
			-0.294294,-0.003682,0.955708,0.000000,
			35.558151,0.000000,0.042895,1.000000;;,
			8;16;
			0.994264,0.016656,-0.105650,0.000000,
			-0.016775,0.999859,-0.000244,0.000000,
			0.105631,0.002015,0.994403,0.000000,
			35.979500,0.000000,0.049028,1.000000;;,
			9;16;
			0.955526,0.018681,0.294316,0.000000,
			-0.019459,0.999811,-0.000284,0.000000,
			-0.294266,-0.005456,0.955708,0.000000,
			36.257202,0.000000,0.053071,1.000000;;,
			10;16;
			0.994195,0.020367,-0.105651,0.000000,
			-0.020513,0.999790,-0.000299,0.000000,
			0.105622,0.002464,0.994403,0.000000,
			36.357468,0.000000,0.054530,1.000000;;,
			11;16;
			0.955526,0.018681,0.294316,0.000000,
			-0.019459,0.999811,-0.000284,0.000000,
			-0.294266,-0.005456,0.955708,0.000000,
			36.257202,0.000000,0.053071,1.000000;;,
			12;16;
			0.994264,0.016656,-0.105650,0.000000,
			-0.016775,0.999859,-0.000244,0.000000,
			0.105631,0.002015,0.994403,0.000000,
			35.979500,0.000000,0.049028,1.000000;;,
			13;16;
			0.955625,0.012608,0.294317,0.000000,
			-0.013133,0.999914,-0.000191,0.000000,
			-0.294294,-0.003682,0.955708,0.000000,
			35.558151,0.000000,0.042895,1.000000;;,
			14;16;
			0.994362,0.009137,-0.105648,0.000000,
			-0.009203,0.999958,-0.000134,0.000000,
			0.105642,0.001106,0.994404,0.000000,
			35.033642,0.000000,0.035261,1.000000;;,
			15;16;
			0.955693,0.005338,0.294318,0.000000,
			-0.005560,0.999985,-0.000081,0.000000,
			-0.294314,-0.001559,0.955707,0.000000,
			34.456696,0.000000,0.026863,1.000000;;,
			16;16;
			0.994400,0.002855,-0.105648,0.000000,
			-0.002876,0.999996,-0.000042,0.000000,
			0.105647,0.000346,0.994404,0.000000,
			33.884594,0.000000,0.018535,1.000000;;,
			17;16;
			0.955707,0.001012,0.294319,0.000000,
			-0.001054,0.999999,-0.000015,0.000000,
			-0.294318,-0.000296,0.955707,0.000000,
			33.373074,0.000000,0.011090,1.000000;;,
			18;16;
			0.994404,0.000286,-0.105648,0.000000,
			-0.000288,1.000000,-0.000004,0.000000,
			0.105648,0.000035,0.994404,0.000000,
			32.968571,0.000000,0.005202,1.000000;;,
			19;16;
			0.955707,0.000000,0.294319,0.000000,
			0.000000,1.000000,0.000000,0.000000,
			-0.294319,0.000000,0.955707,0.000000,
			32.705452,0.000000,0.001372,1.000000;;,
			20;16;
			0.994404,0.000000,-0.105648,0.000000,
			0.000000,1.000000,0.000000,0.000000,
			0.105648,0.000000,0.994404,0.000000,
			32.611206,0.000000,0.000000,1.000000;;;
		}
	}
	Animation {
		{WingLeft03}
		AnimationKey {
			4;
			21;
			0;16;
			0.887419,0.000000,0.460964,0.000000,
			0.000000,1.000000,0.000000,0.000000,
			-0.460964,0.000000,0.887419,0.000000,
			27.349047,0.000000,0.000000,1.000000;;,
			1;16;
			0.717737,0.000000,0.696314,0.000000,
			0.000000,1.000000,0.000000,0.000000,
			-0.696314,0.000000,0.717737,0.000000,
			27.355459,-0.001915,-0.000397,1.000000;;,
			2;16;
			0.887419,0.000000,0.460964,0.000000,
			0.000000,1.000000,0.000000,0.000000,
			-0.460964,0.000000,0.887419,0.000000,
			27.435297,-0.025757,-0.005337,1.000000;;,
			3;16;
			0.717737,0.000000,0.696314,0.000000,
			0.000000,1.000000,0.000000,0.000000,
			-0.696314,0.000000,0.717737,0.000000,
			27.707008,-0.106900,-0.022149,1.000000;;,
			4;16;
			0.887419,0.000000,0.460964,0.000000,
			0.000000,1.000000,0.000000,0.000000,
			-0.460964,0.000000,0.887419,0.000000,
			28.254244,-0.270323,-0.056011,1.000000;;,
			5;16;
			0.717737,0.000000,0.696314,0.000000,
			0.000000,1.000000,0.000000,0.000000,
			-0.696314,0.000000,0.717737,0.000000,
			29.075684,-0.515632,-0.106838,1.000000;;,
			6;16;
			0.887419,0.000000,0.460964,0.000000,
			0.000000,1.000000,0.000000,0.000000,
			-0.460964,0.000000,0.887419,0.000000,
			30.081553,-0.816019,-0.169078,1.000000;;,
			7;16;
			0.717737,0.000000,0.696314,0.000000,
			0.000000,1.000000,0.000000,0.000000,
			-0.696314,0.000000,0.717737,0.000000,
			31.123476,-1.127172,-0.233549,1.000000;;,
			8;16;
			0.887419,0.000000,0.460964,0.000000,
			0.000000,1.000000,0.000000,0.000000,
			-0.460964,0.000000,0.887419,0.000000,
			32.036449,-1.399817,-0.290040,1.000000;;,
			9;16;
			0.717737,0.000000,0.696314,0.000000,
			0.000000,1.000000,0.000000,0.000000,
			-0.696314,0.000000,0.717737,0.000000,
			32.671734,-1.589535,-0.329350,1.000000;;,
			10;16;
			0.887419,0.000000,0.460964,0.000000,
			0.000000,1.000000,0.000000,0.000000,
			-0.460964,0.000000,0.887419,0.000000,
			32.907303,-1.659883,-0.343926,1.000000;;,
			11;16;
			0.717737,0.000000,0.696314,0.000000,
			0.000000,1.000000,0.000000,0.000000,
			-0.696314,0.000000,0.717737,0.000000,
			32.671734,-1.589535,-0.329350,1.000000;;,
			12;16;
			0.887419,0.000000,0.460964,0.000000,
			0.000000,1.000000,0.000000,0.000000,
			-0.460964,0.000000,0.887419,0.000000,
			32.036449,-1.399817,-0.290040,1.000000;;,
			13;16;
			0.717737,0.000000,0.696314,0.000000,
			0.000000,1.000000,0.000000,0.000000,
			-0.696314,0.000000,0.717737,0.000000,
			31.123476,-1.127172,-0.233549,1.000000;;,
			14;16;
			0.887419,0.000000,0.460964,0.000000,
			0.000000,1.000000,0.000000,0.000000,
			-0.460964,0.000000,0.887419,0.000000,
			30.081553,-0.816019,-0.169078,1.000000;;,
			15;16;
			0.717737,0.000000,0.696314,0.000000,
			0.000000,1.000000,0.000000,0.000000,
			-0.696314,0.000000,0.717737,0.000000,
			29.075684,-0.515632,-0.106838,1.000000;;,
			16;16;
			0.887419,0.000000,0.460964,0.000000,
			0.000000,1.000000,0.000000,0.000000,
			-0.460964,0.000000,0.887419,0.000000,
			28.254244,-0.270323,-0.056011,1.000000;;,
			17;16;
			0.717737,0.000000,0.696314,0.000000,
			0.000000,1.000000,0.000000,0.000000,
			-0.696314,0.000000,0.717737,0.000000,
			27.707008,-0.106900,-0.022149,1.000000;;,
			18;16;
			0.887419,0.000000,0.460964,0.000000,
			0.000000,1.000000,0.000000,0.000000,
			-0.460964,0.000000,0.887419,0.000000,
			27.435297,-0.025757,-0.005337,1.000000;;,
			19;16;
			0.717737,0.000000,0.696314,0.000000,
			0.000000,1.000000,0.000000,0.000000,
			-0.696314,0.000000,0.717737,0.000000,
			27.355459,-0.001915,-0.000397,1.000000;;,
			20;16;
			0.887419,0.000000,0.460964,0.000000,
			0.000000,1.000000,0.000000,0.000000,
			-0.460964,0.000000,0.887419,0.000000,
			27.349047,0.000000,0.000000,1.000000;;;
		}
	}
	Animation {
		{WingRight01}
		AnimationKey {
			4;
			21;
			0;16;
			0.361309,0.813257,-0.456146,0.000000,
			0.929921,-0.278297,0.240411,0.000000,
			0.068572,-0.511042,-0.856816,0.000000,
			-5.692714,-9.977870,12.765200,1.000000;;,
			1;16;
			-0.300073,-0.383334,-0.873505,0.000000,
			0.927762,-0.330231,-0.173792,0.000000,
			-0.221838,-0.862555,0.454737,0.000000,
			-5.692714,-9.977870,12.765200,1.000000;;,
			2;16;
			0.383142,0.806539,-0.450218,0.000000,
			0.920200,-0.290954,0.261875,0.000000,
			0.080220,-0.514626,-0.853654,0.000000,
			-5.692714,-9.977870,12.765200,1.000000;;,
			3;16;
			-0.274065,-0.380409,-0.883277,0.000000,
			0.924918,-0.355873,-0.133718,0.000000,
			-0.263467,-0.853606,0.449379,0.000000,
			-5.692714,-9.977870,12.765200,1.000000;;,
			4;16;
			0.436916,0.788365,-0.433110,0.000000,
			0.892884,-0.321817,0.314946,0.000000,
			0.108910,-0.524323,-0.844526,0.000000,
			-5.692714,-9.977870,12.765200,1.000000;;,
			5;16;
			-0.231366,-0.377287,-0.896730,0.000000,
			0.915464,-0.396363,-0.069435,0.000000,
			-0.329234,-0.836989,0.437098,0.000000,
			-5.692714,-9.977870,12.765200,1.000000;;,
			6;16;
			0.502724,0.762696,-0.406894,0.000000,
			0.852365,-0.358931,0.380318,0.000000,
			0.144020,-0.538018,-0.830539,0.000000,
			-5.692714,-9.977870,12.765200,1.000000;;,
			7;16;
			-0.185285,-0.376120,-0.907856,0.000000,
			0.898994,-0.437955,-0.002033,0.000000,
			-0.396836,-0.816534,0.419277,0.000000,
			-5.692714,-9.977870,12.765200,1.000000;;,
			8;16;
			0.557580,0.738035,-0.380012,0.000000,
			0.811835,-0.389244,0.435216,0.000000,
			0.173287,-0.551175,-0.816197,0.000000,
			-5.692714,-9.977870,12.765200,1.000000;;,
			9;16;
			-0.153424,-0.376587,-0.913588,0.000000,
			0.883984,-0.465496,0.043428,0.000000,
			-0.441627,-0.800934,0.404315,0.000000,
			-5.692714,-9.977870,12.765200,1.000000;;,
			10;16;
			0.580119,0.726930,-0.367471,0.000000,
			0.793172,-0.401512,0.457893,0.000000,
			0.185312,-0.557100,-0.809506,0.000000,
			-5.692714,-9.977870,12.765200,1.000000;;,
			11;16;
			-0.153424,-0.376587,-0.913588,0.000000,
			0.883984,-0.465496,0.043428,0.000000,
			-0.441627,-0.800934,0.404315,0.000000,
			-5.692714,-9.977870,12.765200,1.000000;;,
			12;16;
			0.557580,0.738035,-0.380012,0.000000,
			0.811835,-0.389244,0.435216,0.000000,
			0.173287,-0.551175,-0.816197,0.000000,
			-5.692714,-9.977870,12.765200,1.000000;;,
			13;16;
			-0.185285,-0.376120,-0.907856,0.000000,
			0.898994,-0.437955,-0.002033,0.000000,
			-0.396836,-0.816534,0.419277,0.000000,
			-5.692714,-9.977870,12.765200,1.000000;;,
			14;16;
			0.502724,0.762696,-0.406894,0.000000,
			0.852365,-0.358931,0.380318,0.000000,
			0.144020,-0.538018,-0.830539,0.000000,
			-5.692714,-9.977870,12.765200,1.000000;;,
			15;16;
			-0.231366,-0.377287,-0.896730,0.000000,
			0.915464,-0.396363,-0.069435,0.000000,
			-0.329234,-0.836989,0.437098,0.000000,
			-5.692714,-9.977870,12.765200,1.000000;;,
			16;16;
			0.436916,0.788365,-0.433110,0.000000,
			0.892884,-0.321817,0.314946,0.000000,
			0.108910,-0.524323,-0.844526,0.000000,
			-5.692714,-9.977870,12.765200,1.000000;;,
			17;16;
			-0.274065,-0.380409,-0.883277,0.000000,
			0.924918,-0.355873,-0.133718,0.000000,
			-0.263467,-0.853606,0.449379,0.000000,
			-5.692714,-9.977870,12.765200,1.000000;;,
			18;16;
			0.383142,0.806539,-0.450218,0.000000,
			0.920200,-0.290954,0.261875,0.000000,
			0.080220,-0.514626,-0.853654,0.000000,
			-5.692714,-9.977870,12.765200,1.000000;;,
			19;16;
			-0.300073,-0.383334,-0.873505,0.000000,
			0.927762,-0.330231,-0.173792,0.000000,
			-0.221838,-0.862555,0.454737,0.000000,
			-5.692714,-9.977870,12.765200,1.000000;;,
			20;16;
			0.361309,0.813257,-0.456146,0.000000,
			0.929921,-0.278297,0.240411,0.000000,
			0.068572,-0.511042,-0.856816,0.000000,
			-5.692714,-9.977870,12.765200,1.000000;;;
		}
	}
	Animation {
		{WingRight02}
		AnimationKey {
			4;
			21;
			0;16;
			0.994404,0.000000,-0.105648,0.000000,
			0.000000,1.000000,0.000000,0.000000,
			0.105648,0.000000,0.994404,0.000000,
			-32.611179,0.000036,-0.000032,1.000000;;,
			1;16;
			0.955707,0.000000,0.294319,0.000000,
			0.000000,1.000000,0.000000,0.000000,
			-0.294319,0.000000,0.955707,0.000000,
			-32.715191,0.000036,-0.001546,1.000000;;,
			2;16;
			0.994404,0.000286,-0.105648,0.000000,
			-0.000288,1.000000,-0.000004,0.000000,
			0.105648,0.000035,0.994404,0.000000,
			-33.012398,0.000036,-0.005872,1.000000;;,
			3;16;
			0.955707,0.001012,0.294319,0.000000,
			-0.001054,0.999999,-0.000015,0.000000,
			-0.294318,-0.000296,0.955707,0.000000,
			-33.485733,0.000036,-0.012762,1.000000;;,
			4;16;
			0.994400,0.002855,-0.105648,0.000000,
			-0.002876,0.999996,-0.000042,0.000000,
			0.105647,0.000346,0.994404,0.000000,
			-34.106750,0.000036,-0.021801,1.000000;;,
			5;16;
			0.955693,0.005338,0.294318,0.000000,
			-0.005560,0.999985,-0.000081,0.000000,
			-0.294314,-0.001559,0.955707,0.000000,
			-34.824402,0.000036,-0.032247,1.000000;;,
			6;16;
			0.994362,0.009137,-0.105648,0.000000,
			-0.009203,0.999958,-0.000134,0.000000,
			0.105642,0.001106,0.994404,0.000000,
			-35.567696,0.000036,-0.043066,1.000000;;,
			7;16;
			0.955625,0.012608,0.294317,0.000000,
			-0.013133,0.999914,-0.000191,0.000000,
			-0.294294,-0.003682,0.955708,0.000000,
			-36.257492,0.000036,-0.053107,1.000000;;,
			8;16;
			0.994264,0.016656,-0.105650,0.000000,
			-0.016775,0.999859,-0.000244,0.000000,
			0.105631,0.002015,0.994403,0.000000,
			-36.819992,0.000036,-0.061295,1.000000;;,
			9;16;
			0.955526,0.018681,0.294316,0.000000,
			-0.019459,0.999811,-0.000284,0.000000,
			-0.294266,-0.005456,0.955708,0.000000,
			-37.194427,0.000036,-0.066745,1.000000;;,
			10;16;
			0.994195,0.020367,-0.105651,0.000000,
			-0.020513,0.999790,-0.000299,0.000000,
			0.105622,0.002464,0.994403,0.000000,
			-37.330299,0.000036,-0.068723,1.000000;;,
			11;16;
			0.955526,0.018681,0.294316,0.000000,
			-0.019459,0.999811,-0.000284,0.000000,
			-0.294266,-0.005456,0.955708,0.000000,
			-37.194427,0.000036,-0.066745,1.000000;;,
			12;16;
			0.994264,0.016656,-0.105650,0.000000,
			-0.016775,0.999859,-0.000244,0.000000,
			0.105631,0.002015,0.994403,0.000000,
			-36.819992,0.000036,-0.061295,1.000000;;,
			13;16;
			0.955625,0.012608,0.294317,0.000000,
			-0.013133,0.999914,-0.000191,0.000000,
			-0.294294,-0.003682,0.955708,0.000000,
			-36.257492,0.000036,-0.053107,1.000000;;,
			14;16;
			0.994362,0.009137,-0.105648,0.000000,
			-0.009203,0.999958,-0.000134,0.000000,
			0.105642,0.001106,0.994404,0.000000,
			-35.567696,0.000036,-0.043066,1.000000;;,
			15;16;
			0.955693,0.005338,0.294318,0.000000,
			-0.005560,0.999985,-0.000081,0.000000,
			-0.294314,-0.001559,0.955707,0.000000,
			-34.824402,0.000036,-0.032247,1.000000;;,
			16;16;
			0.994400,0.002855,-0.105648,0.000000,
			-0.002876,0.999996,-0.000042,0.000000,
			0.105647,0.000346,0.994404,0.000000,
			-34.106750,0.000036,-0.021801,1.000000;;,
			17;16;
			0.955707,0.001012,0.294319,0.000000,
			-0.001054,0.999999,-0.000015,0.000000,
			-0.294318,-0.000296,0.955707,0.000000,
			-33.485733,0.000036,-0.012762,1.000000;;,
			18;16;
			0.994404,0.000286,-0.105648,0.000000,
			-0.000288,1.000000,-0.000004,0.000000,
			0.105648,0.000035,0.994404,0.000000,
			-33.012398,0.000036,-0.005872,1.000000;;,
			19;16;
			0.955707,0.000000,0.294319,0.000000,
			0.000000,1.000000,0.000000,0.000000,
			-0.294319,0.000000,0.955707,0.000000,
			-32.715191,0.000036,-0.001546,1.000000;;,
			20;16;
			0.994404,0.000000,-0.105648,0.000000,
			0.000000,1.000000,0.000000,0.000000,
			0.105648,0.000000,0.994404,0.000000,
			-32.611179,0.000036,-0.000032,1.000000;;;
		}
	}
	Animation {
		{WingRight03}
		AnimationKey {
			4;
			21;
			0;16;
			0.887419,0.000000,0.460964,0.000000,
			0.000000,1.000000,0.000000,0.000000,
			-0.460964,0.000000,0.887419,0.000000,
			-27.349302,0.000080,0.000397,1.000000;;,
			1;16;
			0.717737,0.000000,0.696314,0.000000,
			0.000000,1.000000,0.000000,0.000000,
			-0.696314,0.000000,0.717737,0.000000,
			-27.352226,0.000957,0.001321,1.000000;;,
			2;16;
			0.887419,0.000000,0.460964,0.000000,
			0.000000,1.000000,0.000000,0.000000,
			-0.460964,0.000000,0.887419,0.000000,
			-27.388645,0.011873,0.012832,1.000000;;,
			3;16;
			0.717737,0.000000,0.696314,0.000000,
			0.000000,1.000000,0.000000,0.000000,
			-0.696314,0.000000,0.717737,0.000000,
			-27.512589,0.049024,0.052008,1.000000;;,
			4;16;
			0.887419,0.000000,0.460964,0.000000,
			0.000000,1.000000,0.000000,0.000000,
			-0.460964,0.000000,0.887419,0.000000,
			-27.762215,0.123846,0.130908,1.000000;;,
			5;16;
			0.717737,0.000000,0.696314,0.000000,
			0.000000,1.000000,0.000000,0.000000,
			-0.696314,0.000000,0.717737,0.000000,
			-28.136921,0.236160,0.249343,1.000000;;,
			6;16;
			0.887419,0.000000,0.460964,0.000000,
			0.000000,1.000000,0.000000,0.000000,
			-0.460964,0.000000,0.887419,0.000000,
			-28.595757,0.373690,0.394369,1.000000;;,
			7;16;
			0.717737,0.000000,0.696314,0.000000,
			0.000000,1.000000,0.000000,0.000000,
			-0.696314,0.000000,0.717737,0.000000,
			-29.071037,0.516150,0.544593,1.000000;;,
			8;16;
			0.887419,0.000000,0.460964,0.000000,
			0.000000,1.000000,0.000000,0.000000,
			-0.460964,0.000000,0.887419,0.000000,
			-29.487497,0.640978,0.676226,1.000000;;,
			9;16;
			0.717737,0.000000,0.696314,0.000000,
			0.000000,1.000000,0.000000,0.000000,
			-0.696314,0.000000,0.717737,0.000000,
			-29.777288,0.727839,0.767821,1.000000;;,
			10;16;
			0.887419,0.000000,0.460964,0.000000,
			0.000000,1.000000,0.000000,0.000000,
			-0.460964,0.000000,0.887419,0.000000,
			-29.884745,0.760048,0.801786,1.000000;;,
			11;16;
			0.717737,0.000000,0.696314,0.000000,
			0.000000,1.000000,0.000000,0.000000,
			-0.696314,0.000000,0.717737,0.000000,
			-29.777288,0.727839,0.767821,1.000000;;,
			12;16;
			0.887419,0.000000,0.460964,0.000000,
			0.000000,1.000000,0.000000,0.000000,
			-0.460964,0.000000,0.887419,0.000000,
			-29.487497,0.640978,0.676226,1.000000;;,
			13;16;
			0.717737,0.000000,0.696314,0.000000,
			0.000000,1.000000,0.000000,0.000000,
			-0.696314,0.000000,0.717737,0.000000,
			-29.071037,0.516150,0.544593,1.000000;;,
			14;16;
			0.887419,0.000000,0.460964,0.000000,
			0.000000,1.000000,0.000000,0.000000,
			-0.460964,0.000000,0.887419,0.000000,
			-28.595757,0.373690,0.394369,1.000000;;,
			15;16;
			0.717737,0.000000,0.696314,0.000000,
			0.000000,1.000000,0.000000,0.000000,
			-0.696314,0.000000,0.717737,0.000000,
			-28.136921,0.236160,0.249343,1.000000;;,
			16;16;
			0.887419,0.000000,0.460964,0.000000,
			0.000000,1.000000,0.000000,0.000000,
			-0.460964,0.000000,0.887419,0.000000,
			-27.762215,0.123846,0.130908,1.000000;;,
			17;16;
			0.717737,0.000000,0.696314,0.000000,
			0.000000,1.000000,0.000000,0.000000,
			-0.696314,0.000000,0.717737,0.000000,
			-27.512589,0.049024,0.052008,1.000000;;,
			18;16;
			0.887419,0.000000,0.460964,0.000000,
			0.000000,1.000000,0.000000,0.000000,
			-0.460964,0.000000,0.887419,0.000000,
			-27.388645,0.011873,0.012832,1.000000;;,
			19;16;
			0.717737,0.000000,0.696314,0.000000,
			0.000000,1.000000,0.000000,0.000000,
			-0.696314,0.000000,0.717737,0.000000,
			-27.352226,0.000957,0.001321,1.000000;;,
			20;16;
			0.887419,0.000000,0.460964,0.000000,
			0.000000,1.000000,0.000000,0.000000,
			-0.460964,0.000000,0.887419,0.000000,
			-27.349302,0.000080,0.000397,1.000000;;;
		}
	}
	Animation {
		{Tail01}
		AnimationKey {
			4;
			21;
			0;16;
			-0.290361,-0.949323,0.120317,0.000000,
			-0.956270,0.292486,0.000000,0.000000,
			-0.035191,-0.115056,-0.992736,0.000000,
			-14.965437,-10.353480,0.000000,1.000000;;,
			1;16;
			-0.284633,-0.951761,0.114605,0.000000,
			-0.958074,0.286521,0.000000,0.000000,
			-0.032837,-0.109800,-0.993411,0.000000,
			-14.963930,-10.458816,0.000000,1.000000;;,
			2;16;
			-0.268531,-0.958183,0.098876,0.000000,
			-0.962901,0.269853,0.000000,0.000000,
			-0.026682,-0.095208,-0.995100,0.000000,
			-14.944431,-10.756497,0.000000,1.000000;;,
			3;16;
			-0.243489,-0.966947,0.075668,0.000000,
			-0.969728,0.244189,0.000000,0.000000,
			-0.018477,-0.073377,-0.997133,0.000000,
			-14.874331,-11.222672,0.000000,1.000000;;,
			4;16;
			-0.211185,-0.976290,0.047536,0.000000,
			-0.977394,0.211424,0.000000,0.000000,
			-0.010050,-0.046461,-0.998870,0.000000,
			-14.722741,-11.831100,0.000000,1.000000;;,
			5;16;
			-0.173580,-0.984667,0.017352,0.000000,
			-0.984815,0.173606,0.000000,0.000000,
			-0.003012,-0.017089,-0.999849,0.000000,
			-14.473969,-12.547279,0.000000,1.000000;;,
			6;16;
			-0.133240,-0.991002,-0.012750,0.000000,
			-0.991082,0.133251,0.000000,0.000000,
			0.001699,0.012637,-0.999919,0.000000,
			-14.133450,-13.326970,0.000000,1.000000;;,
			7;16;
			-0.092866,-0.994672,-0.044758,0.000000,
			-0.995670,0.092959,0.000000,0.000000,
			0.004161,0.044564,-0.998998,0.000000,
			-13.726878,-14.118564,0.000000,1.000000;;,
			8;16;
			-0.055317,-0.995487,-0.077102,0.000000,
			-0.998460,0.055483,0.000000,0.000000,
			0.004278,0.076983,-0.997023,0.000000,
			-13.294555,-14.867817,0.000000,1.000000;;,
			9;16;
			-0.022971,-0.993996,-0.106981,0.000000,
			-0.999733,0.023104,0.000000,0.000000,
			0.002472,0.106953,-0.994261,0.000000,
			-12.883664,-15.522965,0.000000,1.000000;;,
			10;16;
			0.001996,-0.991296,-0.131635,0.000000,
			-0.999998,-0.002013,0.000000,0.000000,
			-0.000265,0.131634,-0.991298,0.000000,
			-12.541166,-16.038221,0.000000,1.000000;;,
			11;16;
			0.018109,-0.988799,-0.148153,0.000000,
			-0.999832,-0.018311,0.000000,0.000000,
			-0.002713,0.148128,-0.988964,0.000000,
			-12.309352,-16.374161,0.000000,1.000000;;,
			12;16;
			0.023774,-0.987751,-0.154218,0.000000,
			-0.999710,-0.024062,0.000000,0.000000,
			-0.003711,0.154173,-0.988037,0.000000,
			-12.224772,-16.494463,0.000000,1.000000;;,
			13;16;
			0.011294,-0.989940,-0.141037,0.000000,
			-0.999935,-0.011408,0.000000,0.000000,
			-0.001609,0.141028,-0.990004,0.000000,
			-12.409013,-16.230886,0.000000,1.000000;;,
			14;16;
			-0.022971,-0.993996,-0.106981,0.000000,
			-0.999733,0.023104,0.000000,0.000000,
			0.002472,0.106953,-0.994261,0.000000,
			-12.883664,-15.522965,0.000000,1.000000;;,
			15;16;
			-0.073523,-0.995418,-0.061129,0.000000,
			-0.997283,0.073660,0.000000,0.000000,
			0.004503,0.060963,-0.998130,0.000000,
