xof 0303txt 0032
Frame ChestMesh {
	FrameTransformMatrix {
		1.000000,0.000000,0.000000,0.000000,
		0.000000,1.000000,0.000000,0.000000,
		0.000000,0.000000,1.000000,0.000000,
		0.000000,0.000000,0.000000,1.000000;;
	}
}
Frame Root {
	FrameTransformMatrix {
		-0.299723,-0.874546,-0.381228,0.000000,
		0.134652,0.356820,-0.924418,0.000000,
		0.944476,-0.328403,0.010812,0.000000,
		-0.535247,-1.650403,-41.904438,1.000000;;
	}
	Frame Body {
		FrameTransformMatrix {
			0.408029,0.912969,0.000000,0.000000,
			-0.912969,0.408029,0.000000,0.000000,
			-0.000000,-0.000000,1.000000,0.000000,
			21.474360,0.000000,0.000000,1.000000;;
		}
		Frame Head {
			FrameTransformMatrix {
				-0.217512,-0.976058,-0.000000,0.000000,
				-0.976058,0.217512,-0.000000,0.000000,
				0.000000,0.000000,-1.000000,0.000000,
				49.858387,-2.621911,-0.000000,1.000000;;
			}
			Frame UpperTeethCTRL {
				FrameTransformMatrix {
					-0.000000,0.245321,-0.969442,0.000000,
					-0.951689,0.297681,0.075329,0.000000,
					0.307065,0.922607,0.233469,0.000000,
					26.316010,-2.523409,-0.000000,1.000000;;
				}
			}
			Frame EyeCTRL {
				FrameTransformMatrix {
					0.909085,-0.416612,0.000000,0.000000,
					-0.416612,-0.909085,0.000000,0.000000,
					-0.000000,-0.000000,-1.000000,0.000000,
					8.724464,-10.207933,0.000000,1.000000;;
				}
				Frame EyeBallCTRL {
					FrameTransformMatrix {
						-0.000000,0.000000,1.000000,0.000000,
						-0.986443,0.164103,-0.000000,0.000000,
						-0.164103,-0.986443,-0.000000,0.000000,
						16.846575,0.000000,-0.000000,1.000000;;
					}
				}
				Frame UppderEyeLid {
					FrameTransformMatrix {
						-0.000000,-0.056205,0.998419,0.000000,
						-0.986443,0.163844,0.009223,0.000000,
						-0.164103,-0.984884,-0.055443,0.000000,
						16.846575,0.000000,-0.000000,1.000000;;
					}
				}
				Frame LowerEyelid {
					FrameTransformMatrix {
						-0.000000,-0.294823,0.955552,0.000000,
						-0.986443,0.156809,0.048381,0.000000,
						-0.164103,-0.942598,-0.290826,0.000000,
						16.846575,0.000000,-0.000000,1.000000;;
					}
				}
			}
		}
		Frame RearLeftLeg01 {
			FrameTransformMatrix {
				-0.404897,0.339347,0.849059,0.000000,
				0.285647,0.929050,-0.235099,0.000000,
				-0.868599,0.147340,-0.473103,0.000000,
				-14.736686,30.774757,40.574268,1.000000;;
			}
			Frame RearLeftLeg02 {
				FrameTransformMatrix {
					-0.146447,-0.081736,0.985836,0.000000,
					0.344531,0.929968,0.128285,0.000000,
					-0.927282,0.358438,-0.108030,0.000000,
					14.146868,-0.000000,0.000000,1.000000;;
				}
				Frame RearLeftLeg03 {
					FrameTransformMatrix {
						0.015337,0.000024,-0.999882,0.000000,
						-0.001560,0.999999,0.000000,0.000000,
						0.999881,0.001560,0.015337,0.000000,
						28.369816,-0.000000,-0.000000,1.000000;;
					}
				}
			}
		}
		Frame FrontLeftLeg01 {
			FrameTransformMatrix {
				0.415200,-0.152888,0.896791,0.000000,
				-0.074508,0.976750,0.201016,0.000000,
				-0.906674,-0.150280,0.394156,0.000000,
				-14.085297,-33.792656,40.574268,1.000000;;
			}
			Frame FrontLeftLeg02 {
				FrameTransformMatrix {
					-0.561812,-0.160049,0.811635,0.000000,
					-0.777479,0.437370,-0.451922,0.000000,
					-0.282655,-0.884925,-0.370154,0.000000,
					14.214923,-0.000000,0.000000,1.000000;;
				}
				Frame FrontLeftLeg03 {
					FrameTransformMatrix {
						0.015804,0.000017,-0.999875,0.000000,
						-0.001059,0.999999,0.000000,0.000000,
						0.999875,0.001059,0.015804,0.000000,
						28.391460,0.000000,0.000000,1.000000;;
					}
				}
			}
		}
		Frame RearRightLeg01 {
			FrameTransformMatrix {
				-0.287974,0.310568,-0.905880,0.000000,
				0.260733,0.935643,0.237887,0.000000,
				0.921460,-0.167688,-0.350416,0.000000,
				-14.736715,30.774792,-40.574299,1.000000;;
			}
			Frame RearRightLeg02 {
				FrameTransformMatrix {
					-0.199268,-0.067352,-0.977628,0.000000,
					0.451060,0.879365,-0.152521,0.000000,
					0.869964,-0.471361,-0.144850,0.000000,
					14.146874,-0.000000,-0.000000,1.000000;;
				}
				Frame RearRightLeg03 {
					FrameTransformMatrix {
						-0.015337,-0.000024,-0.999882,0.000000,
						0.001561,-0.999999,0.000000,0.000000,
						-0.999881,-0.001561,0.015337,0.000000,
						28.369772,-0.000000,-0.000000,1.000000;;
					}
				}
			}
		}
		Frame FrontRightLeg01 {
			FrameTransformMatrix {
				0.511056,-0.225082,-0.829554,0.000000,
				0.202414,0.969478,-0.138348,0.000000,
				0.835374,-0.097210,0.541018,0.000000,
				-14.085325,-33.792622,-40.574299,1.000000;;
			}
			Frame FrontRightLeg02 {
				FrameTransformMatrix {
					-0.613043,-0.291973,-0.734118,0.000000,
					-0.782020,0.356392,0.511301,0.000000,
					0.112348,0.887545,-0.446813,0.000000,
					14.214938,-0.000000,0.000000,1.000000;;
				}
				Frame FrontRightLeg03 {
					FrameTransformMatrix {
						-0.015804,-0.000017,-0.999875,0.000000,
						0.001060,-0.999999,0.000000,0.000000,
						-0.999875,-0.001060,0.015804,0.000000,
						28.391462,0.000000,0.000000,1.000000;;
					}
				}
			}
		}
		Frame LockCTRL {
			FrameTransformMatrix {
				-0.041149,-0.000000,0.999153,0.000000,
				-0.010079,0.999949,-0.000415,0.000000,
				-0.999102,-0.010088,-0.041147,0.000000,
				10.028795,-45.631851,0.056905,1.000000;;
			}
		}
		Frame LowerTeethCTRL {
			FrameTransformMatrix {
				-0.000000,0.000000,1.000000,0.000000,
				-0.010088,0.999949,-0.000000,0.000000,
				-0.999949,-0.010088,-0.000000,0.000000,
				13.351291,-27.430490,-0.000000,1.000000;;
			}
		}
	}
}
AnimationSet Take_001 {
	Animation {
		{Root}
		AnimationKey {
			4;
			25;
			0;16;
			0.000000,-0.929004,-0.370071,0.000000,
			0.000000,0.370071,-0.929004,0.000000,
			1.000000,0.000000,0.000000,0.000000,
			0.000000,21.143131,-36.418949,1.000000;;,
			1;16;
			-0.005944,-0.920264,-0.391252,0.000000,
			0.011600,0.391169,-0.920246,0.000000,
			0.999915,-0.010009,0.008350,0.000000,
			0.226227,26.685747,-35.745396,1.000000;;,
			2;16;
			-0.017544,-0.899292,-0.436997,0.000000,
			0.038143,0.436145,-0.899068,0.000000,
			0.999118,-0.032441,0.026650,0.000000,
			0.841282,38.869747,-34.263580,1.000000;;,
			3;16;
			-0.027512,-0.876062,-0.481413,0.000000,
			0.066367,0.478932,-0.875339,0.000000,
			0.997416,-0.056032,0.044965,0.000000,
			1.617386,51.036018,-32.781765,1.000000;;,
			4;16;
			-0.033454,-0.864693,-0.501185,0.000000,
			0.080879,0.497479,-0.863697,0.000000,
			0.996162,-0.069429,0.053293,0.000000,
			2.023265,56.558857,-32.108212,1.000000;;,
			5;16;
			-0.042938,-0.896243,-0.441480,0.000000,
			0.072255,0.437945,-0.896094,0.000000,
			0.996462,-0.070376,0.045953,0.000000,
			1.823841,54.786259,-33.459911,1.000000;;,
			6;16;
			-0.054429,-0.957337,-0.283802,0.000000,
			0.044787,0.281597,-0.958487,0.000000,
			0.997513,-0.064881,0.027549,0.000000,
			1.311519,48.811073,-36.839161,1.000000;;,
			7;16;
			-0.053759,-0.996312,-0.066869,0.000000,
			0.007180,0.066578,-0.997755,0.000000,
			0.998528,-0.054119,0.003574,0.000000,
			0.647481,37.645462,-41.232182,1.000000;;,
			8;16;
			-0.036137,-0.987509,0.153360,0.000000,
			-0.026249,-0.152470,-0.987960,0.000000,
			0.999002,-0.039727,-0.020411,0.000000,
			0.016526,20.307405,-45.625206,1.000000;;,
			9;16;
			-0.009395,-0.948033,0.318034,0.000000,
			-0.044085,-0.317346,-0.947285,0.000000,
			0.998984,-0.022921,-0.038813,0.000000,
			-0.403386,-4.173635,-49.004456,1.000000;;,
			10;16;
			0.012751,-0.924281,0.381501,0.000000,
			-0.044754,-0.381677,-0.923212,0.000000,
			0.998917,-0.005302,-0.046232,0.000000,
			-0.478702,-36.758404,-50.356155,1.000000;;,
			11;16;
			0.025787,-0.928197,0.371194,0.000000,
			-0.038710,-0.371966,-0.927439,0.000000,
			0.998918,0.009547,-0.045523,0.000000,
			-0.647065,-35.922676,-50.152988,1.000000;;,
			12;16;
			0.030866,-0.939274,0.341777,0.000000,
			-0.035162,-0.342749,-0.938769,0.000000,
			0.998905,0.016959,-0.043606,0.000000,
			-0.733509,-33.564190,-49.584122,1.000000;;,
			13;16;
			0.029908,-0.954685,0.296110,0.000000,
			-0.033343,-0.297030,-0.954286,0.000000,
			0.998996,0.018667,-0.040716,0.000000,
			-0.756618,-29.935686,-48.710506,1.000000;;,
			14;16;
			0.027416,-0.971207,0.236655,0.000000,
			-0.031429,-0.237464,-0.970888,0.000000,
			0.999130,0.019180,-0.037035,0.000000,
			-0.760016,-25.293070,-47.593094,1.000000;;,
			15;16;
			0.023678,-0.985793,0.166285,0.000000,
			-0.029229,-0.166943,-0.985533,0.000000,
			0.999292,0.018475,-0.032767,0.000000,
			-0.740705,-19.889681,-46.292828,1.000000;;,
			16;16;
			0.019365,-0.995900,0.088359,0.000000,
			-0.026357,-0.088854,-0.995696,0.000000,
			0.999465,0.016953,-0.027970,0.000000,
			-0.696513,-13.979010,-44.870663,1.000000;;,
			17;16;
			0.014956,-0.999867,0.006423,0.000000,
			-0.023005,-0.006766,-0.999712,0.000000,
			0.999623,0.014804,-0.023103,0.000000,
			-0.627207,-7.814696,-43.387554,1.000000;;,
			18;16;
			0.010833,-0.997082,-0.075568,0.000000,
			-0.019076,0.075353,-0.996974,0.000000,
			0.999759,0.012242,-0.018204,0.000000,
			-0.535247,-1.650403,-41.904438,1.000000;;,
			19;16;
			0.007190,-0.988100,-0.153646,0.000000,
			-0.014764,0.153529,-0.988034,0.000000,
			0.999865,0.009373,-0.013484,0.000000,
			-0.426154,4.260203,-40.482277,1.000000;;,
			20;16;
			0.004410,-0.974524,-0.224241,0.000000,
			-0.010450,0.224186,-0.974490,0.000000,
			0.999936,0.006641,-0.009195,0.000000,
			-0.308511,9.663643,-39.182011,1.000000;;,
			21;16;
			0.002301,-0.958810,-0.284039,0.000000,
			-0.006423,0.284020,-0.958797,0.000000,
			0.999977,0.004030,-0.005505,0.000000,
			-0.193592,14.306619,-38.064598,1.000000;;,
			22;16;
			0.000959,-0.943973,-0.330020,0.000000,
			-0.003068,0.330016,-0.943970,0.000000,
			0.999995,0.001917,-0.002580,0.000000,
			-0.094615,17.936102,-37.190983,1.000000;;,
			23;16;
			0.000287,-0.933096,-0.359627,0.000000,
			-0.000863,0.359627,-0.933096,0.000000,
			1.000000,0.000578,-0.000702,0.000000,
			-0.025623,20.299215,-36.622116,1.000000;;,
			24;16;
			0.000000,-0.929004,-0.370071,0.000000,
			0.000000,0.370071,-0.929004,0.000000,
			1.000000,0.000000,0.000000,0.000000,
			0.000000,21.143131,-36.418949,1.000000;;;
		}
	}
	Animation {
		{Head}
		AnimationKey {
			4;
			25;
			0;16;
			-0.382772,-0.923843,0.000000,0.000000,
			-0.923843,0.382772,-0.000000,0.000000,
			-0.000000,-0.000000,-1.000000,0.000000,
			60.937344,-2.771742,-0.000000,1.000000;;,
			1;16;
			-0.334986,-0.942200,-0.006519,0.000000,
			-0.942197,0.335021,-0.005177,0.000000,
			0.007062,0.004408,-0.999965,0.000000,
			61.622173,1.222873,0.290812,1.000000;;,
			2;16;
			-0.211946,-0.977086,-0.019557,0.000000,
			-0.976993,0.212327,-0.020032,0.000000,
			0.023726,0.014861,-0.999608,0.000000,
			63.473614,10.750696,0.984286,1.000000;;,
			3;16;
			-0.047323,-0.998449,-0.029333,0.000000,
			-0.997923,0.048543,-0.042345,0.000000,
			0.043704,0.027268,-0.998672,0.000000,
			66.187096,22.127695,1.811981,1.000000;;,
			4;16;
			0.118359,-0.992509,-0.030291,0.000000,
			-0.991129,-0.116228,-0.064449,0.000000,
			0.060445,0.037651,-0.997461,0.000000,
			69.458061,31.669840,2.505455,1.000000;;,
			5;16;
			0.243652,-0.969557,-0.024349,0.000000,
			-0.967520,-0.241242,-0.075550,0.000000,
			0.067376,0.041966,-0.996845,0.000000,
			72.981934,35.693096,2.796266,1.000000;;,
			6;16;
			0.316313,-0.948630,-0.006902,0.000000,
			-0.948012,-0.315822,-0.039106,0.000000,
			0.034917,0.018913,-0.999211,0.000000,
			78.751007,30.369547,1.527500,1.000000;;,
			7;16;
			0.353772,-0.935233,0.013614,0.000000,
			-0.934982,-0.353204,0.032492,0.000000,
			-0.025579,-0.024223,-0.999379,0.000000,
			85.758636,19.312788,-0.828780,1.000000;;,
			8;16;
			0.363999,-0.931115,0.023008,0.000000,
			-0.929585,-0.361638,0.071346,0.000000,
			-0.058111,-0.047358,-0.997186,0.000000,
			89.201836,10.001047,-2.097548,1.000000;;,
			9;16;
			0.198502,-0.979759,0.025883,0.000000,
			-0.979154,-0.197081,0.049147,0.000000,
			-0.043051,-0.035099,-0.998456,0.000000,
			75.401604,4.807437,-1.553739,1.000000;;,
			10;16;
			-0.125062,-0.992049,0.014093,0.000000,
			-0.992034,0.125251,0.013421,0.000000,
			-0.015079,-0.012302,-0.999811,0.000000,
			49.710930,1.274856,-0.543809,1.000000;;,
			11;16;
			-0.306207,-0.951965,0.000000,0.000000,
			-0.951965,0.306207,-0.000000,0.000000,
			-0.000000,-0.000000,-1.000000,0.000000,
			35.874832,-0.363754,-0.000000,1.000000;;,
			12;16;
			-0.322680,-0.946508,0.000000,0.000000,
			-0.946508,0.322680,-0.000000,0.000000,
			-0.000000,-0.000000,-1.000000,0.000000,
			36.302193,-0.927458,-0.000000,1.000000;;,
			13;16;
			-0.336619,-0.941641,0.000000,0.000000,
			-0.941641,0.336619,-0.000000,0.000000,
			-0.000000,-0.000000,-1.000000,0.000000,
			37.480766,-1.396383,-0.000000,1.000000;;,
			14;16;
			-0.348149,-0.937439,0.000000,0.000000,
			-0.937439,0.348149,-0.000000,0.000000,
			-0.000000,-0.000000,-1.000000,0.000000,
			39.273888,-1.779174,-0.000000,1.000000;;,
			15;16;
			-0.357568,-0.933887,0.000000,0.000000,
			-0.933887,0.357568,-0.000000,0.000000,
			-0.000000,-0.000000,-1.000000,0.000000,
			41.544880,-2.084476,-0.000000,1.000000;;,
			16;16;
			-0.365077,-0.930977,0.000000,0.000000,
			-0.930977,0.365077,-0.000000,0.000000,
			-0.000000,-0.000000,-1.000000,0.000000,
			44.157078,-2.320937,-0.000000,1.000000;;,
			17;16;
			-0.370961,-0.928648,0.000000,0.000000,
			-0.928648,0.370961,-0.000000,0.000000,
			-0.000000,-0.000000,-1.000000,0.000000,
			46.973801,-2.497199,-0.000000,1.000000;;,
			18;16;
			-0.375319,-0.926895,0.000000,0.000000,
			-0.926895,0.375319,-0.000000,0.000000,
			-0.000000,-0.000000,-1.000000,0.000000,
			49.858387,-2.621911,-0.000000,1.000000;;,
			19;16;
			-0.378428,-0.925631,0.000000,0.000000,
			-0.925631,0.378428,-0.000000,0.000000,
			-0.000000,-0.000000,-1.000000,0.000000,
			52.674160,-2.703716,-0.000000,1.000000;;,
			20;16;
			-0.380556,-0.924758,0.000000,0.000000,
			-0.924758,0.380556,-0.000000,0.000000,
			-0.000000,-0.000000,-1.000000,0.000000,
			55.284451,-2.751260,-0.000000,1.000000;;,
			21;16;
			-0.381797,-0.924246,0.000000,0.000000,
			-0.924246,0.381797,-0.000000,0.000000,
			-0.000000,-0.000000,-1.000000,0.000000,
			57.552582,-2.773189,-0.000000,1.000000;;,
			22;16;
			-0.382506,-0.923953,0.000000,0.000000,
			-0.923953,0.382506,-0.000000,0.000000,
			-0.000000,-0.000000,-1.000000,0.000000,
			59.341892,-2.778149,-0.000000,1.000000;;,
			23;16;
			-0.382683,-0.923880,0.000000,0.000000,
			-0.923880,0.382683,-0.000000,0.000000,
			-0.000000,-0.000000,-1.000000,0.000000,
			60.515701,-2.774785,-0.000000,1.000000;;,
			24;16;
			-0.382772,-0.923843,0.000000,0.000000,
			-0.923843,0.382772,-0.000000,0.000000,
			-0.000000,-0.000000,-1.000000,0.000000,
			60.937344,-2.771742,-0.000000,1.000000;;;
		}
	}
	Animation {
		{UpperTeethCTRL}
		AnimationKey {
			4;
			25;
			0;16;
			-0.000000,0.000000,-1.000000,0.000000,
			-0.951700,0.307029,0.000000,0.000000,
			0.307029,0.951700,-0.000000,0.000000,
			34.826504,0.000000,-0.000000,1.000000;;,
			1;16;
			-0.000000,0.000000,-1.000000,0.000000,
			-0.951700,0.307029,0.000000,0.000000,
			0.307029,0.951700,-0.000000,0.000000,
			34.826504,0.000000,-0.000000,1.000000;;,
			2;16;
			-0.000000,0.000000,-1.000000,0.000000,
			-0.951700,0.307029,0.000000,0.000000,
			0.307029,0.951700,-0.000000,0.000000,
			34.826504,0.000000,-0.000000,1.000000;;,
			3;16;
			-0.000000,0.000000,-1.000000,0.000000,
			-0.951700,0.307029,0.000000,0.000000,
			0.307029,0.951700,-0.000000,0.000000,
			34.826504,0.000000,-0.000000,1.000000;;,
			4;16;
			-0.000000,0.000000,-1.000000,0.000000,
			-0.951700,0.307029,0.000000,0.000000,
			0.307029,0.951700,-0.000000,0.000000,
			34.826504,0.000000,-0.000000,1.000000;;,
			5;16;
			-0.000000,0.000000,-1.000000,0.000000,
			-0.951700,0.307029,0.000000,0.000000,
			0.307029,0.951700,-0.000000,0.000000,
			34.826504,0.000000,-0.000000,1.000000;;,
			6;16;
			-0.000000,0.000000,-1.000000,0.000000,
			-0.951700,0.307029,0.000000,0.000000,
			0.307029,0.951700,-0.000000,0.000000,
			34.826504,0.000000,-0.000000,1.000000;;,
			7;16;
			-0.000000,0.000000,-1.000000,0.000000,
			-0.951700,0.307029,0.000000,0.000000,
			0.307029,0.951700,-0.000000,0.000000,
			34.826504,0.000000,-0.000000,1.000000;;,
			8;16;
			-0.000000,0.000000,-1.000000,0.000000,
			-0.951700,0.307029,0.000000,0.000000,
			0.307029,0.951700,-0.000000,0.000000,
			34.826504,0.000000,-0.000000,1.000000;;,
			9;16;
			-0.000000,0.000000,-1.000000,0.000000,
			-0.951700,0.307029,0.000000,0.000000,
			0.307029,0.951700,-0.000000,0.000000,
			34.826504,0.000000,-0.000000,1.000000;;,
			10;16;
			-0.000000,0.000000,-1.000000,0.000000,
			-0.951700,0.307029,0.000000,0.000000,
			0.307029,0.951700,-0.000000,0.000000,
			34.826504,0.000000,-0.000000,1.000000;;,
			11;16;
			-0.000000,0.000000,-1.000000,0.000000,
			-0.687733,0.725964,0.000000,0.000000,
			0.725964,0.687733,-0.000000,0.000000,
			14.967201,-5.638380,-0.000000,1.000000;;,
			12;16;
			-0.000000,0.000000,-1.000000,0.000000,
			-0.688011,0.725700,0.000000,0.000000,
			0.725700,0.688011,-0.000000,0.000000,
			14.983324,-5.634019,-0.000000,1.000000;;,
			13;16;
			-0.000000,0.000000,-1.000000,0.000000,
			-0.691136,0.722725,0.000000,0.000000,
			0.722725,0.691136,-0.000000,0.000000,
			15.190876,-5.577837,-0.000000,1.000000;;,
			14;16;
			-0.000000,0.000000,-1.000000,0.000000,
			-0.702345,0.711836,0.000000,0.000000,
			0.711836,0.702345,-0.000000,0.000000,
			15.924706,-5.378839,-0.000000,1.000000;;,
			15;16;
			-0.000000,0.000000,-1.000000,0.000000,
			-0.725436,0.688290,0.000000,0.000000,
			0.688290,0.725436,-0.000000,0.000000,
			17.464012,-4.960233,-0.000000,1.000000;;,
			16;16;
			-0.000000,0.000000,-1.000000,0.000000,
			-0.760642,0.649171,0.000000,0.000000,
			0.649171,0.760642,-0.000000,0.000000,
			19.874731,-4.301885,-0.000000,1.000000;;,
			17;16;
			-0.000000,0.000000,-1.000000,0.000000,
			-0.803550,0.595237,0.000000,0.000000,
			0.595237,0.803550,-0.000000,0.000000,
			22.960340,-3.454011,-0.000000,1.000000;;,
			18;16;
			-0.000000,0.000000,-1.000000,0.000000,
			-0.847307,0.531104,0.000000,0.000000,
			0.531104,0.847307,-0.000000,0.000000,
			26.316010,-2.523409,-0.000000,1.000000;;,
			19;16;
			-0.000000,0.000000,-1.000000,0.000000,
			-0.885422,0.464788,0.000000,0.000000,
			0.464788,0.885422,-0.000000,0.000000,
			29.455276,-1.640370,-0.000000,1.000000;;,
			20;16;
			-0.000000,0.000000,-1.000000,0.000000,
			-0.914248,0.405154,0.000000,0.000000,
			0.405154,0.914248,-0.000000,0.000000,
			31.963110,-0.918381,-0.000000,1.000000;;,
			21;16;
			-0.000000,0.000000,-1.000000,0.000000,
			-0.933441,0.358732,0.000000,0.000000,
			0.358732,0.933441,-0.000000,0.000000,
			33.623810,-0.420220,-0.000000,1.000000;;,
			22;16;
			-0.000000,0.000000,-1.000000,0.000000,
			-0.944605,0.328210,0.000000,0.000000,
			0.328210,0.944605,-0.000000,0.000000,
			34.477703,-0.142543,-0.000000,1.000000;;,
			23;16;
			-0.000000,0.000000,-1.000000,0.000000,
			-0.950068,0.312043,0.000000,0.000000,
			0.312043,0.950068,-0.000000,0.000000,
			34.775654,-0.027117,-0.000000,1.000000;;,
			24;16;
			-0.000000,0.000000,-1.000000,0.000000,
			-0.951700,0.307029,0.000000,0.000000,
			0.307029,0.951700,-0.000000,0.000000,
			34.826504,0.000000,-0.000000,1.000000;;;
		}
	}
	Animation {
		{EyeCTRL}
		AnimationKey {
			4;
			25;
			0;16;
			0.865706,-0.500553,-0.000000,0.000000,
			-0.500553,-0.865706,-0.000000,0.000000,
			0.000000,0.000000,-1.000000,0.000000,
			8.724464,-10.207933,0.000000,1.000000;;,
			1;16;
			0.865706,-0.500553,-0.000000,0.000000,
			-0.500553,-0.865706,-0.000000,0.000000,
			0.000000,0.000000,-1.000000,0.000000,
			8.724464,-10.207933,0.000000,1.000000;;,
			2;16;
			0.865706,-0.500553,-0.000000,0.000000,
			-0.500553,-0.865706,-0.000000,0.000000,
			0.000000,0.000000,-1.000000,0.000000,
			8.724464,-10.207933,0.000000,1.000000;;,
			3;16;
			0.865706,-0.500553,-0.000000,0.000000,
			-0.500553,-0.865706,-0.000000,0.000000,
			0.000000,0.000000,-1.000000,0.000000,
			8.724464,-10.207933,0.000000,1.000000;;,
			4;16;
			0.865706,-0.500553,-0.000000,0.000000,
			-0.500553,-0.865706,-0.000000,0.000000,
			0.000000,0.000000,-1.000000,0.000000,
			8.724464,-10.207933,0.000000,1.000000;;,
			5;16;
			0.865706,-0.500553,-0.000000,0.000000,
			-0.500553,-0.865706,-0.000000,0.000000,
			0.000000,0.000000,-1.000000,0.000000,
			8.724464,-10.207933,0.000000,1.000000;;,
			6;16;
			0.865706,-0.500553,-0.000000,0.000000,
			-0.500553,-0.865706,-0.000000,0.000000,
			0.000000,0.000000,-1.000000,0.000000,
			8.724464,-10.207933,0.000000,1.000000;;,
			7;16;
			0.865706,-0.500553,-0.000000,0.000000,
			-0.500553,-0.865706,-0.000000,0.000000,
			0.000000,0.000000,-1.000000,0.000000,
			8.724464,-10.207933,0.000000,1.000000;;,
			8;16;
			0.865706,-0.500553,-0.000000,0.000000,
			-0.500553,-0.865706,-0.000000,0.000000,
			0.000000,0.000000,-1.000000,0.000000,
			8.724464,-10.207933,0.000000,1.000000;;,
			9;16;
			0.865706,-0.500553,-0.000000,0.000000,
			-0.500553,-0.865706,-0.000000,0.000000,
			0.000000,0.000000,-1.000000,0.000000,
			8.724464,-10.207933,0.000000,1.000000;;,
			10;16;
			0.865706,-0.500553,-0.000000,0.000000,
			-0.500553,-0.865706,-0.000000,0.000000,
			0.000000,0.000000,-1.000000,0.000000,
			8.724464,-10.207933,0.000000,1.000000;;,
			11;16;
			0.865706,-0.500553,-0.000000,0.000000,
			-0.500553,-0.865706,-0.000000,0.000000,
			0.000000,0.000000,-1.000000,0.000000,
			8.724464,-10.207933,0.000000,1.000000;;,
			12;16;
			0.865706,-0.500553,-0.000000,0.000000,
			-0.500553,-0.865706,-0.000000,0.000000,
			0.000000,0.000000,-1.000000,0.000000,
			8.724464,-10.207933,0.000000,1.000000;;,
			13;16;
			0.865706,-0.500553,-0.000000,0.000000,
			-0.500553,-0.865706,-0.000000,0.000000,
			0.000000,0.000000,-1.000000,0.000000,
			8.724464,-10.207933,0.000000,1.000000;;,
			14;16;
			0.865706,-0.500553,-0.000000,0.000000,
			-0.500553,-0.865706,-0.000000,0.000000,
			0.000000,0.000000,-1.000000,0.000000,
			8.724464,-10.207933,0.000000,1.000000;;,
			15;16;
			0.865706,-0.500553,-0.000000,0.000000,
			-0.500553,-0.865706,-0.000000,0.000000,
			0.000000,0.000000,-1.000000,0.000000,
			8.724464,-10.207933,0.000000,1.000000;;,
			16;16;
			0.865706,-0.500553,-0.000000,0.000000,
			-0.500553,-0.865706,-0.000000,0.000000,
			0.000000,0.000000,-1.000000,0.000000,
			8.724464,-10.207933,0.000000,1.000000;;,
			17;16;
			0.865706,-0.500553,-0.000000,0.000000,
			-0.500553,-0.865706,-0.000000,0.000000,
			0.000000,0.000000,-1.000000,0.000000,
			8.724464,-10.207933,0.000000,1.000000;;,
			18;16;
			0.865706,-0.500553,-0.000000,0.000000,
			-0.500553,-0.865706,-0.000000,0.000000,
			0.000000,0.000000,-1.000000,0.000000,
			8.724464,-10.207933,0.000000,1.000000;;,
			19;16;
			0.865706,-0.500553,-0.000000,0.000000,
			-0.500553,-0.865706,-0.000000,0.000000,
			0.000000,0.000000,-1.000000,0.000000,
			8.724464,-10.207933,0.000000,1.000000;;,
			20;16;
			0.865706,-0.500553,-0.000000,0.000000,
			-0.500553,-0.865706,-0.000000,0.000000,
			0.000000,0.000000,-1.000000,0.000000,
			8.724464,-10.207933,0.000000,1.000000;;,
			21;16;
			0.865706,-0.500553,-0.000000,0.000000,
			-0.500553,-0.865706,-0.000000,0.000000,
			0.000000,0.000000,-1.000000,0.000000,
			8.724464,-10.207933,0.000000,1.000000;;,
			22;16;
			0.865706,-0.500553,-0.000000,0.000000,
			-0.500553,-0.865706,-0.000000,0.000000,
			0.000000,0.000000,-1.000000,0.000000,
			8.724464,-10.207933,0.000000,1.000000;;,
			23;16;
			0.865706,-0.500553,-0.000000,0.000000,
			-0.500553,-0.865706,-0.000000,0.000000,
			0.000000,0.000000,-1.000000,0.000000,
			8.724464,-10.207933,0.000000,1.000000;;,
			24;16;
			0.865706,-0.500553,-0.000000,0.000000,
			-0.500553,-0.865706,-0.000000,0.000000,
			0.000000,0.000000,-1.000000,0.000000,
			8.724464,-10.207933,0.000000,1.000000;;;
		}
	}
	Animation {
		{EyeBallCTRL}
		AnimationKey {
			4;
			25;
			0;16;
			0.000000,0.000000,1.000000,0.000000,
			-0.986450,0.164062,0.000000,0.000000,
			-0.164062,-0.986450,0.000000,0.000000,
			16.846575,0.000000,-0.000000,1.000000;;,
			1;16;
			-0.023358,0.003885,0.999720,0.000000,
			-0.986173,0.164016,-0.023679,0.000000,
			-0.164062,-0.986450,0.000000,0.000000,
			16.846575,0.000000,-0.000000,1.000000;;,
			2;16;
			-0.078980,0.013136,0.996790,0.000000,
			-0.983283,0.163535,-0.080065,0.000000,
			-0.164062,-0.986450,0.000000,0.000000,
			16.846575,0.000000,-0.000000,1.000000;;,
			3;16;
			-0.139314,0.023170,0.989977,0.000000,
			-0.976563,0.162418,-0.141228,0.000000,
			-0.164062,-0.986450,0.000000,0.000000,
			16.846575,0.000000,-0.000000,1.000000;;,
			4;16;
			-0.167807,0.027909,0.985425,0.000000,
			-0.972072,0.161671,-0.170112,0.000000,
			-0.164062,-0.986450,0.000000,0.000000,
			16.846575,0.000000,-0.000000,1.000000;;,
			5;16;
			-0.159879,0.026590,0.986778,0.000000,
			-0.973408,0.161893,-0.162076,0.000000,
			-0.164062,-0.986450,0.000000,0.000000,
			16.846575,0.000000,-0.000000,1.000000;;,
			6;16;
			-0.139314,0.023170,0.989977,0.000000,
			-0.976563,0.162418,-0.141228,0.000000,
			-0.164062,-0.986450,0.000000,0.000000,
			16.846575,0.000000,-0.000000,1.000000;;,
			7;16;
			-0.110796,0.018427,0.993672,0.000000,
			-0.980208,0.163024,-0.112318,0.000000,
			-0.164062,-0.986450,0.000000,0.000000,
			16.846575,0.000000,-0.000000,1.000000;;,
			8;16;
			-0.078980,0.013136,0.996790,0.000000,
			-0.983283,0.163535,-0.080065,0.000000,
			-0.164062,-0.986450,0.000000,0.000000,
			16.846575,0.000000,-0.000000,1.000000;;,
			9;16;
			-0.048592,0.008082,0.998786,0.000000,
			-0.985252,0.163863,-0.049259,0.000000,
			-0.164062,-0.986450,0.000000,0.000000,
			16.846575,0.000000,-0.000000,1.000000;;,
			10;16;
			-0.023358,0.003885,0.999720,0.000000,
			-0.986173,0.164016,-0.023679,0.000000,
			-0.164062,-0.986450,0.000000,0.000000,
			16.846575,0.000000,-0.000000,1.000000;;,
			11;16;
			-0.006242,0.001038,0.999980,0.000000,
			-0.986430,0.164059,-0.006328,0.000000,
			-0.164062,-0.986450,0.000000,0.000000,
			16.846575,0.000000,-0.000000,1.000000;;,
			12;16;
			0.000000,0.000000,1.000000,0.000000,
			-0.986450,0.164062,0.000000,0.000000,
			-0.164062,-0.986450,0.000000,0.000000,
			16.846575,0.000000,-0.000000,1.000000;;,
			13;16;
			0.000000,0.000000,1.000000,0.000000,
			-0.986450,0.164062,0.000000,0.000000,
			-0.164062,-0.986450,0.000000,0.000000,
			16.846575,0.000000,-0.000000,1.000000;;,
			14;16;
			0.000000,0.000000,1.000000,0.000000,
			-0.986450,0.164062,0.000000,0.000000,
			-0.164062,-0.986450,0.000000,0.000000,
			16.846575,0.000000,-0.000000,1.000000;;,
			15;16;
			0.000000,0.000000,1.000000,0.000000,
			-0.986450,0.164062,0.000000,0.000000,
			-0.164062,-0.986450,0.000000,0.000000,
			16.846575,0.000000,-0.000000,1.000000;;,
			16;16;
			0.000000,0.000000,1.000000,0.000000,
			-0.986450,0.164062,0.000000,0.000000,
			-0.164062,-0.986450,0.000000,0.000000,
			16.846575,0.000000,-0.000000,1.000000;;,
			17;16;
			0.000000,0.000000,1.000000,0.000000,
			-0.986450,0.164062,0.000000,0.000000,
			-0.164062,-0.986450,0.000000,0.000000,
			16.846575,0.000000,-0.000000,1.000000;;,
			18;16;
			0.000000,0.000000,1.000000,0.000000,
			-0.986450,0.164062,0.000000,0.000000,
			-0.164062,-0.986450,0.000000,0.000000,
			16.846575,0.000000,-0.000000,1.000000;;,
			19;16;
			0.000000,0.000000,1.000000,0.000000,
			-0.986450,0.164062,0.000000,0.000000,
			-0.164062,-0.986450,0.000000,0.000000,
			16.846575,0.000000,-0.000000,1.000000;;,
			20;16;
			0.000000,0.000000,1.000000,0.000000,
			-0.986450,0.164062,0.000000,0.000000,
			-0.164062,-0.986450,0.000000,0.000000,
			16.846575,0.000000,-0.000000,1.000000;;,
			21;16;
			0.000000,0.000000,1.000000,0.000000,
			-0.986450,0.164062,0.000000,0.000000,
			-0.164062,-0.986450,0.000000,0.000000,
			16.846575,0.000000,-0.000000,1.000000;;,
			22;16;
			0.000000,0.000000,1.000000,0.000000,
			-0.986450,0.164062,0.000000,0.000000,
			-0.164062,-0.986450,0.000000,0.000000,
			16.846575,0.000000,-0.000000,1.000000;;,
			23;16;
			0.000000,0.000000,1.000000,0.000000,
			-0.986450,0.164062,0.000000,0.000000,
			-0.164062,-0.986450,0.000000,0.000000,
			16.846575,0.000000,-0.000000,1.000000;;,
			24;16;
			0.000000,0.000000,1.000000,0.000000,
			-0.986450,0.164062,0.000000,0.000000,
			-0.164062,-0.986450,0.000000,0.000000,
			16.846575,0.000000,-0.000000,1.000000;;;
		}
	}
	Animation {
		{UppderEyeLid}
		AnimationKey {
			4;
			25;
			0;16;
			0.000000,0.000000,1.000000,0.000000,
			-0.999250,0.038723,0.000000,0.000000,
			-0.038723,-0.999250,0.000000,0.000000,
			16.846575,0.000000,-0.000000,1.000000;;,
			1;16;
			0.000000,0.000000,1.000000,0.000000,
			-0.998346,-0.057493,0.000000,0.000000,
			0.057493,-0.998346,0.000000,0.000000,
			16.846575,0.000000,-0.000000,1.000000;;,
			2;16;
			0.000000,0.000000,1.000000,0.000000,
			-0.955311,-0.295601,0.000000,0.000000,
			0.295601,-0.955311,0.000000,0.000000,
			16.846575,0.000000,-0.000000,1.000000;;,
			3;16;
			0.000000,0.000000,1.000000,0.000000,
			-0.855105,-0.518455,0.000000,0.000000,
			0.518455,-0.855105,0.000000,0.000000,
			16.846575,0.000000,-0.000000,1.000000;;,
			4;16;
			0.000000,0.000000,1.000000,0.000000,
			-0.799710,-0.600387,0.000000,0.000000,
			0.600387,-0.799710,0.000000,0.000000,
			16.846575,0.000000,-0.000000,1.000000;;,
			5;16;
			0.000000,0.000000,1.000000,0.000000,
			-0.819072,-0.573690,0.000000,0.000000,
			0.573690,-0.819072,0.000000,0.000000,
			16.846575,0.000000,-0.000000,1.000000;;,
			6;16;
			0.000000,0.000000,1.000000,0.000000,
			-0.869235,-0.494399,0.000000,0.000000,
			0.494399,-0.869235,0.000000,0.000000,
			16.846575,0.000000,-0.000000,1.000000;;,
			7;16;
			0.000000,0.000000,1.000000,0.000000,
			-0.931117,-0.364721,0.000000,0.000000,
			0.364721,-0.931117,0.000000,0.000000,
			16.846575,0.000000,-0.000000,1.000000;;,
			8;16;
			0.000000,0.000000,1.000000,0.000000,
			-0.979279,-0.202513,0.000000,0.000000,
			0.202513,-0.979279,0.000000,0.000000,
			16.846575,0.000000,-0.000000,1.000000;;,
			9;16;
			0.000000,0.000000,1.000000,0.000000,
			-0.999019,-0.044279,0.000000,0.000000,
			0.044279,-0.999019,0.000000,0.000000,
			16.846575,0.000000,-0.000000,1.000000;;,
			10;16;
			0.000000,0.000000,1.000000,0.000000,
			-0.997148,0.075477,0.000000,0.000000,
			-0.075477,-0.997148,0.000000,0.000000,
			16.846575,0.000000,-0.000000,1.000000;;,
			11;16;
			0.000000,0.000000,1.000000,0.000000,
			-0.989718,0.143031,0.000000,0.000000,
			-0.143031,-0.989718,0.000000,0.000000,
			16.846575,0.000000,-0.000000,1.000000;;,
			12;16;
			0.000000,0.000000,1.000000,0.000000,
			-0.986450,0.164062,0.000000,0.000000,
			-0.164062,-0.986450,0.000000,0.000000,
			16.846575,0.000000,-0.000000,1.000000;;,
			13;16;
			0.000000,0.000000,1.000000,0.000000,
			-0.986763,0.162170,0.000000,0.000000,
			-0.162170,-0.986763,0.000000,0.000000,
			16.846575,0.000000,-0.000000,1.000000;;,
			14;16;
			0.000000,0.000000,1.000000,0.000000,
			-0.987634,0.156775,0.000000,0.000000,
			-0.156775,-0.987634,0.000000,0.000000,
			16.846575,0.000000,-0.000000,1.000000;;,
			15;16;
			0.000000,0.000000,1.000000,0.000000,
			-0.988936,0.148342,0.000000,0.000000,
			-0.148342,-0.988936,0.000000,0.000000,
			16.846575,0.000000,-0.000000,1.000000;;,
			16;16;
			0.000000,0.000000,1.000000,0.000000,
			-0.990564,0.137050,0.000000,0.000000,
			-0.137050,-0.990564,0.000000,0.000000,
			16.846575,0.000000,-0.000000,1.000000;;,
			17;16;
			0.000000,0.000000,1.000000,0.000000,
			-0.992338,0.123552,0.000000,0.000000,
			-0.123552,-0.992338,0.000000,0.000000,
			16.846575,0.000000,-0.000000,1.000000;;,
			18;16;
			0.000000,0.000000,1.000000,0.000000,
			-0.994116,0.108316,0.000000,0.000000,
			-0.108316,-0.994116,0.000000,0.000000,
			16.846575,0.000000,-0.000000,1.000000;;,
			19;16;
			0.000000,0.000000,1.000000,0.000000,
			-0.995732,0.092291,0.000000,0.000000,
			-0.092291,-0.995732,0.000000,0.000000,
			16.846575,0.000000,-0.000000,1.000000;;,
			20;16;
			0.000000,0.000000,1.000000,0.000000,
			-0.997075,0.076433,0.000000,0.000000,
			-0.076433,-0.997075,0.000000,0.000000,
			16.846575,0.000000,-0.000000,1.000000;;,
			21;16;
			0.000000,0.000000,1.000000,0.000000,
			-0.998089,0.061799,0.000000,0.000000,
			-0.061799,-0.998089,0.000000,0.000000,
			16.846575,0.000000,-0.000000,1.000000;;,
			22;16;
			0.000000,0.000000,1.000000,0.000000,
			-0.998757,0.049834,0.000000,0.000000,
			-0.049834,-0.998757,0.000000,0.000000,
			16.846575,0.000000,-0.000000,1.000000;;,
			23;16;
			0.000000,0.000000,1.000000,0.000000,
			-0.999130,0.041693,0.000000,0.000000,
			-0.041693,-0.999130,0.000000,0.000000,
			16.846575,0.000000,-0.000000,1.000000;;,
			24;16;
			0.000000,0.000000,1.000000,0.000000,
			-0.999250,0.038723,0.000000,0.000000,
			-0.038723,-0.999250,0.000000,0.000000,
			16.846575,0.000000,-0.000000,1.000000;;;
		}
	}
	Animation {
		{LowerEyelid}
		AnimationKey {
			4;
			25;
			0;16;
			0.000000,0.000000,1.000000,0.000000,
			-0.986450,0.164062,0.000000,0.000000,
			-0.164062,-0.986450,0.000000,0.000000,
			16.846575,0.000000,-0.000000,1.000000;;,
			1;16;
			0.000000,0.000000,1.000000,0.000000,
			-0.980953,0.194244,0.000000,0.000000,
			-0.194244,-0.980953,0.000000,0.000000,
			16.846575,0.000000,-0.000000,1.000000;;,
			2;16;
			0.000000,0.000000,1.000000,0.000000,
			-0.968163,0.250320,0.000000,0.000000,
			-0.250320,-0.968163,0.000000,0.000000,
			16.846575,0.000000,-0.000000,1.000000;;,
			3;16;
			0.000000,0.000000,1.000000,0.000000,
			-0.955933,0.293586,0.000000,0.000000,
			-0.293586,-0.955933,0.000000,0.000000,
			16.846575,0.000000,-0.000000,1.000000;;,
			4;16;
			0.000000,0.000000,1.000000,0.000000,
			-0.950873,0.309582,0.000000,0.000000,
			-0.309582,-0.950873,0.000000,0.000000,
			16.846575,0.000000,-0.000000,1.000000;;,
			5;16;
			0.000000,0.000000,1.000000,0.000000,
			-0.954686,0.297616,0.000000,0.000000,
			-0.297616,-0.954686,0.000000,0.000000,
			16.846575,0.000000,-0.000000,1.000000;;,
			6;16;
			0.000000,0.000000,1.000000,0.000000,
			-0.965619,0.259961,0.000000,0.000000,
			-0.259961,-0.965619,0.000000,0.000000,
			16.846575,0.000000,-0.000000,1.000000;;,
			7;16;
			0.000000,0.000000,1.000000,0.000000,
			-0.982000,0.188880,0.000000,0.000000,
			-0.188880,-0.982000,0.000000,0.000000,
			16.846575,0.000000,-0.000000,1.000000;;,
			8;16;
			0.000000,0.000000,1.000000,0.000000,
			-0.998130,0.061129,0.000000,0.000000,
			-0.061129,-0.998130,0.000000,0.000000,
			16.846575,0.000000,-0.000000,1.000000;;,
			9;16;
			0.000000,0.000000,1.000000,0.000000,
			-0.990603,-0.136765,0.000000,0.000000,
			0.136765,-0.990603,0.000000,0.000000,
			16.846575,0.000000,-0.000000,1.000000;;,
			10;16;
			0.000000,0.000000,1.000000,0.000000,
			-0.943498,-0.331378,0.000000,0.000000,
			0.331378,-0.943498,0.000000,0.000000,
			16.846575,0.000000,-0.000000,1.000000;;,
			11;16;
			0.000000,0.000000,1.000000,0.000000,
			-0.886976,-0.461815,0.000000,0.000000,
			0.461815,-0.886976,0.000000,0.000000,
			16.846575,0.000000,-0.000000,1.000000;;,
			12;16;
			0.000000,0.000000,1.000000,0.000000,
			-0.861890,-0.507096,0.000000,0.000000,
			0.507096,-0.861890,0.000000,0.000000,
			16.846575,0.000000,-0.000000,1.000000;;,
			13;16;
			0.000000,0.000000,1.000000,0.000000,
			-0.869377,-0.494149,0.000000,0.000000,
			0.494149,-0.869377,0.000000,0.000000,
			16.846575,0.000000,-0.000000,1.000000;;,
			14;16;
			0.000000,0.000000,1.000000,0.000000,
			-0.889355,-0.457217,0.000000,0.000000,
			0.457217,-0.889355,0.000000,0.000000,
			16.846575,0.000000,-0.000000,1.000000;;,
			15;16;
			0.000000,0.000000,1.000000,0.000000,
			-0.917253,-0.398306,0.000000,0.000000,
			0.398306,-0.917253,0.000000,0.000000,
			16.846575,0.000000,-0.000000,1.000000;;,
			16;16;
			0.000000,0.000000,1.000000,0.000000,
			-0.947217,-0.320592,0.000000,0.000000,
			0.320592,-0.947217,0.000000,0.000000,
			16.846575,0.000000,-0.000000,1.000000;;,
			17;16;
			0.000000,0.000000,1.000000,0.000000,
			-0.973249,-0.229752,0.000000,0.000000,
			0.229752,-0.973249,0.000000,0.000000,
			16.846575,0.000000,-0.000000,1.000000;;,
			18;16;
			0.000000,0.000000,1.000000,0.000000,
			-0.990967,-0.134106,0.000000,0.000000,
			0.134106,-0.990967,0.000000,0.000000,
			16.846575,0.000000,-0.000000,1.000000;;,
			19;16;
			0.000000,0.000000,1.000000,0.000000,
			-0.999069,-0.043130,0.000000,0.000000,
			0.043130,-0.999069,0.000000,0.000000,
			16.846575,0.000000,-0.000000,1.000000;;,
			20;16;
			0.000000,0.000000,1.000000,0.000000,
			-0.999398,0.034699,0.000000,0.000000,
			-0.034699,-0.999398,0.000000,0.000000,
			16.846575,0.000000,-0.000000,1.000000;;,
			21;16;
			0.000000,0.000000,1.000000,0.000000,
			-0.995553,0.094200,0.000000,0.000000,
			-0.094200,-0.995553,0.000000,0.000000,
			16.846575,0.000000,-0.000000,1.000000;;,
			22;16;
			0.000000,0.000000,1.000000,0.000000,
			-0.990928,0.134391,0.000000,0.000000,
			-0.134391,-0.990928,0.000000,0.000000,
			16.846575,0.000000,-0.000000,1.000000;;,
			23;16;
			0.000000,0.000000,1.000000,0.000000,
			-0.987634,0.156775,0.000000,0.000000,
			-0.156775,-0.987634,0.000000,0.000000,
			16.846575,0.000000,-0.000000,1.000000;;,
			24;16;
			0.000000,0.000000,1.000000,0.000000,
			-0.986450,0.164062,0.000000,0.000000,
			-0.164062,-0.986450,0.000000,0.000000,
			16.846575,0.000000,-0.000000,1.000000;;;
		}
	}
	Animation {
		{RearLeftLeg01}
		AnimationKey {
			4;
			25;
			0;16;
			-0.170110,0.751294,0.637667,0.000000,
			-0.230365,0.598850,-0.767014,0.000000,
			-0.958120,-0.277373,0.071202,0.000000,
			-14.736686,30.774757,40.574268,1.000000;;,
			1;16;
			-0.056894,0.761584,0.645564,0.000000,
			-0.186007,0.627204,-0.756317,0.000000,
			-0.980900,-0.163110,0.105976,0.000000,
			-14.736686,30.774757,40.574268,1.000000;;,
			2;16;
			0.190161,0.744580,0.639874,0.000000,
			-0.081709,0.661509,-0.745473,0.000000,
			-0.978347,0.089476,0.186632,0.000000,
			-14.736686,30.774757,40.574268,1.000000;;,
			3;16;
			0.424226,0.674930,0.603741,0.000000,
			0.021942,0.658849,-0.751955,0.000000,
			-0.905291,0.332246,0.264691,0.000000,
			-14.736686,30.774757,40.574268,1.000000;;,
			4;16;
			0.522067,0.629075,0.575944,0.000000,
			0.065609,0.643652,-0.762501,0.000000,
			-0.850377,0.435863,0.294756,0.000000,
			-14.736686,30.774757,40.574268,1.000000;;,
			5;16;
			0.436358,0.677500,0.592103,0.000000,
			-0.004486,0.659688,-0.751527,0.000000,
			-0.899762,0.325278,0.290899,0.000000,
			-14.736686,30.774757,40.574268,1.000000;;,
			6;16;
			0.159725,0.746828,0.645551,0.000000,
			-0.188061,0.664991,-0.722787,0.000000,
			-0.969083,-0.005956,0.246665,0.000000,
			-14.736686,30.774757,40.574268,1.000000;;,
			7;16;
			-0.253482,0.675929,0.692002,0.000000,
			-0.440154,0.556429,-0.704735,0.000000,
			-0.861400,-0.483226,0.156468,0.000000,
			-14.736686,30.774757,40.574268,1.000000;;,
			8;16;
			-0.582406,0.437183,0.685327,0.000000,
			-0.595668,0.344166,-0.725762,0.000000,
			-0.553157,-0.830916,0.059972,0.000000,
			-14.736686,30.774757,40.574268,1.000000;;,
			9;16;
			-0.731197,0.234525,0.640585,0.000000,
			-0.612951,0.186273,-0.767850,0.000000,
			-0.299403,-0.954097,0.007550,0.000000,
			-14.736686,30.774757,40.574268,1.000000;;,
			10;16;
			-0.775533,0.232765,0.586829,0.000000,
			-0.561631,0.170121,-0.809710,0.000000,
			-0.288304,-0.957538,-0.001206,0.000000,
			-14.736686,30.774757,40.574268,1.000000;;,
			11;16;
			-0.771212,0.243543,0.588148,0.000000,
			-0.560597,0.177906,-0.808753,0.000000,
			-0.301601,-0.953434,-0.000674,0.000000,
			-14.736686,30.774757,40.574268,1.000000;;,
			12;16;
			-0.758186,0.273680,0.591821,0.000000,
			-0.557144,0.199609,-0.806068,0.000000,
			-0.338738,-0.940880,0.001138,0.000000,
			-14.736686,30.774757,40.574268,1.000000;;,
			13;16;
			-0.735670,0.319477,0.597264,0.000000,
			-0.549961,0.232993,-0.802033,0.000000,
			-0.395389,-0.918504,0.004293,0.000000,
			-14.736686,30.774757,40.574268,1.000000;;,
			14;16;
			-0.702378,0.376681,0.603967,0.000000,
			-0.537446,0.275691,-0.796960,0.000000,
			-0.466709,-0.884367,0.008806,0.000000,
			-14.736686,30.774757,40.574268,1.000000;;,
			15;16;
			-0.657425,0.440567,0.611304,0.000000,
			-0.518081,0.324809,-0.791259,0.000000,
