xof 0303txt 0032
Frame ChestMesh {
	FrameTransformMatrix {
		1.000000,0.000000,0.000000,0.000000,
		0.000000,1.000000,0.000000,0.000000,
		0.000000,0.000000,1.000000,0.000000,
		0.000000,0.000000,0.000000,1.000000;;
	}
}
Frame Root {
	FrameTransformMatrix {
		-0.028590,-0.916593,-0.398798,0.000000,
		0.012433,0.398604,-0.917039,0.000000,
		0.999514,-0.031177,-0.000000,0.000000,
		0.000000,21.143131,-36.418949,1.000000;;
	}
	Frame Body {
		FrameTransformMatrix {
			0.408029,0.912969,0.000000,0.000000,
			-0.912969,0.408029,0.000000,0.000000,
			-0.000000,-0.000000,1.000000,0.000000,
			21.474360,0.000000,0.000000,1.000000;;
		}
		Frame Head {
			FrameTransformMatrix {
				-0.209674,-0.977771,-0.000000,0.000000,
				-0.977771,0.209674,0.000000,0.000000,
				0.000000,0.000000,-1.000000,0.000000,
				60.937344,-2.771742,-0.000000,1.000000;;
			}
			Frame UpperTeethCTRL {
				FrameTransformMatrix {
					-0.000000,0.000000,-1.000000,0.000000,
					-0.951689,0.307065,0.000000,0.000000,
					0.307065,0.951689,-0.000000,0.000000,
					34.826504,0.000000,-0.000000,1.000000;;
				}
			}
			Frame EyeCTRL {
				FrameTransformMatrix {
					0.909085,-0.416612,0.000000,0.000000,
					-0.416612,-0.909085,0.000000,0.000000,
					-0.000000,-0.000000,-1.000000,0.000000,
					8.724464,-10.207933,0.000000,1.000000;;
				}
				Frame EyeBallCTRL {
					FrameTransformMatrix {
						-0.000000,0.000000,1.000000,0.000000,
						-0.986443,0.164103,-0.000000,0.000000,
						-0.164103,-0.986443,-0.000000,0.000000,
						16.846575,0.000000,-0.000000,1.000000;;
					}
				}
				Frame UppderEyeLid {
					FrameTransformMatrix {
						-0.000000,-0.125701,0.992068,0.000000,
						-0.986443,0.162802,0.020628,0.000000,
						-0.164103,-0.978619,-0.123997,0.000000,
						16.846575,0.000000,-0.000000,1.000000;;
					}
				}
				Frame LowerEyelid {
					FrameTransformMatrix {
						-0.000000,0.000000,1.000000,0.000000,
						-0.986443,0.164103,-0.000000,0.000000,
						-0.164103,-0.986443,-0.000000,0.000000,
						16.846575,0.000000,-0.000000,1.000000;;
					}
				}
			}
		}
		Frame RearLeftLeg01 {
			FrameTransformMatrix {
				-0.106310,0.550322,0.828157,0.000000,
				0.235086,0.823175,-0.516834,0.000000,
				-0.966143,0.139744,-0.216885,0.000000,
				-14.736686,30.774757,40.574268,1.000000;;
			}
			Frame RearLeftLeg02 {
				FrameTransformMatrix {
					-0.150314,-0.081777,0.985250,0.000000,
					0.353425,0.926273,0.130802,0.000000,
					-0.923307,0.367873,-0.110330,0.000000,
					14.146868,-0.000000,0.000000,1.000000;;
				}
				Frame RearLeftLeg03 {
					FrameTransformMatrix {
						0.015337,0.000024,-0.999882,0.000000,
						-0.001560,0.999999,0.000000,0.000000,
						0.999881,0.001560,0.015337,0.000000,
						28.369816,-0.000000,-0.000000,1.000000;;
					}
				}
			}
		}
		Frame FrontLeftLeg01 {
			FrameTransformMatrix {
				0.093411,-0.629579,0.771301,0.000000,
				-0.208715,0.745092,0.633463,0.000000,
				-0.973505,-0.220155,-0.061803,0.000000,
				-14.085297,-33.792656,40.574268,1.000000;;
			}
			Frame FrontLeftLeg02 {
				FrameTransformMatrix {
					-0.197860,0.094706,0.975645,0.000000,
					-0.483263,0.856529,-0.181149,0.000000,
					-0.852824,-0.507335,-0.123705,0.000000,
					14.214923,-0.000000,0.000000,1.000000;;
				}
				Frame FrontLeftLeg03 {
					FrameTransformMatrix {
						0.015804,0.000017,-0.999875,0.000000,
						-0.001059,0.999999,0.000000,0.000000,
						0.999875,0.001059,0.015804,0.000000,
						28.391460,0.000000,0.000000,1.000000;;
					}
				}
			}
		}
		Frame RearRightLeg01 {
			FrameTransformMatrix {
				-0.108840,0.550884,-0.827455,0.000000,
				0.219989,0.825109,0.520385,0.000000,
				0.969411,-0.125392,-0.210993,0.000000,
				-14.736715,30.774792,-40.574299,1.000000;;
			}
			Frame RearRightLeg02 {
				FrameTransformMatrix {
					-0.154878,-0.072530,-0.985268,0.000000,
					0.351224,0.928106,-0.123532,0.000000,
					0.923393,-0.365182,-0.118269,0.000000,
					14.146874,-0.000000,-0.000000,1.000000;;
				}
				Frame RearRightLeg03 {
					FrameTransformMatrix {
						-0.015337,-0.000024,-0.999882,0.000000,
						0.001561,-0.999999,0.000000,0.000000,
						-0.999881,-0.001561,0.015337,0.000000,
						28.369772,-0.000000,-0.000000,1.000000;;
					}
				}
			}
		}
		Frame FrontRightLeg01 {
			FrameTransformMatrix {
				0.090462,-0.630670,-0.770761,0.000000,
				-0.187681,0.749271,-0.635113,0.000000,
				0.978056,0.202110,-0.050584,0.000000,
				-14.085325,-33.792622,-40.574299,1.000000;;
			}
			Frame FrontRightLeg02 {
				FrameTransformMatrix {
					-0.202927,0.079228,-0.975983,0.000000,
					-0.480693,0.860295,0.169782,0.000000,
					0.853085,0.503602,-0.136493,0.000000,
					14.214938,-0.000000,0.000000,1.000000;;
				}
				Frame FrontRightLeg03 {
					FrameTransformMatrix {
						-0.015804,-0.000017,-0.999875,0.000000,
						0.001060,-0.999999,0.000000,0.000000,
						-0.999875,-0.001060,0.015804,0.000000,
						28.391462,0.000000,0.000000,1.000000;;
					}
				}
			}
		}
		Frame LockCTRL {
			FrameTransformMatrix {
				-0.000000,-0.000000,1.000000,0.000000,
				-0.010088,0.999949,-0.000000,0.000000,
				-0.999949,-0.010088,-0.000000,0.000000,
				10.207417,-45.630051,-0.000000,1.000000;;
			}
		}
		Frame LowerTeethCTRL {
			FrameTransformMatrix {
				-0.000000,0.000000,1.000000,0.000000,
				-0.010088,0.999949,-0.000000,0.000000,
				-0.999949,-0.010088,-0.000000,0.000000,
				13.351291,-27.430490,-0.000000,1.000000;;
			}
		}
	}
}
AnimationSet Take_001 {
	Animation {
		{Root}
		AnimationKey {
			4;
			23;
			0;16;
			0.000000,-0.929004,-0.370071,0.000000,
			0.000000,0.370071,-0.929004,0.000000,
			1.000000,0.000000,0.000000,0.000000,
			0.000000,21.143131,-36.418949,1.000000;;,
			1;16;
			0.001438,-0.929003,-0.370070,0.000000,
			0.003356,0.370073,-0.928997,0.000000,
			0.999993,0.000094,0.003649,0.000000,
			0.000000,23.966064,-36.045200,1.000000;;,
			2;16;
			0.004698,-0.928993,-0.370067,0.000000,
			0.010833,0.370096,-0.928930,0.000000,
			0.999930,0.000355,0.011803,0.000000,
			0.000000,30.176519,-35.222946,1.000000;;,
			3;16;
			0.007957,-0.929010,-0.369970,0.000000,
			0.018214,0.370055,-0.928831,0.000000,
			0.999802,0.000652,0.019866,0.000000,
			0.000000,36.386971,-34.400696,1.000000;;,
			4;16;
			0.009395,-0.928998,-0.369965,0.000000,
			0.021569,0.370084,-0.928748,0.000000,
			0.999723,0.000746,0.023515,0.000000,
			0.000000,39.209908,-34.026947,1.000000;;,
			5;16;
			0.008820,-0.929499,-0.368720,0.000000,
			0.020706,0.368825,-0.929268,0.000000,
			0.999747,0.000561,0.022500,0.000000,
			0.000000,36.132977,-34.031788,1.000000;;,
			6;16;
			0.007286,-0.930602,-0.365960,0.000000,
			0.018023,0.366033,-0.930427,0.000000,
			0.999811,0.000184,0.019439,0.000000,
			0.000000,28.674139,-34.045166,1.000000;;,
			7;16;
			0.004985,-0.931942,-0.362573,0.000000,
			0.013613,0.362607,-0.931843,0.000000,
			0.999895,-0.000291,0.014495,0.000000,
			0.000000,19.491331,-34.065342,1.000000;;,
			8;16;
			0.002205,-0.933059,-0.359716,0.000000,
			0.007670,0.359722,-0.933028,0.000000,
			0.999968,-0.000702,0.007949,0.000000,
			0.000000,11.242482,-34.090591,1.000000;;,
			9;16;
			-0.001055,-0.933509,-0.358553,0.000000,
			0.000383,0.358553,-0.933509,0.000000,
			0.999999,-0.001122,-0.000020,0.000000,
			0.000000,6.585533,-34.119183,1.000000;;,
			10;16;
			-0.011313,-0.933450,-0.358530,0.000000,
			-0.025977,0.358707,-0.933089,0.000000,
			0.999599,-0.001242,-0.028306,0.000000,
			0.000000,5.695347,-34.205070,1.000000;;,
			11;16;
			-0.011121,-0.933176,-0.359247,0.000000,
			-0.025402,0.359417,-0.932831,0.000000,
			0.999615,-0.001249,-0.027702,0.000000,
			0.000000,6.410597,-34.397278,1.000000;;,
			12;16;
			-0.010450,-0.932838,-0.360144,0.000000,
			-0.024061,0.360294,-0.932528,0.000000,
			0.999656,-0.001080,-0.026210,0.000000,
			0.000000,7.519463,-34.614761,1.000000;;,
			13;16;
			-0.009587,-0.932397,-0.361309,0.000000,
			-0.021856,0.361435,-0.932141,0.000000,
			0.999715,-0.001040,-0.023844,0.000000,
			0.000000,8.935062,-34.849514,1.000000;;,
			14;16;
			-0.008437,-0.931920,-0.362564,0.000000,
			-0.019173,0.362661,-0.931724,0.000000,
			0.999781,-0.000909,-0.020927,0.000000,
			0.000000,10.570517,-35.093536,1.000000;;,
			15;16;
			-0.007095,-0.931443,-0.363819,0.000000,
			-0.016105,0.363887,-0.931304,0.000000,
			0.999845,-0.000748,-0.017583,0.000000,
			0.000000,12.338943,-35.338821,1.000000;;,
			16;16;
			-0.005752,-0.930927,-0.365161,0.000000,
			-0.012942,0.365205,-0.930837,0.000000,
			0.999900,-0.000629,-0.014149,0.000000,
			0.000000,14.153461,-35.577366,1.000000;;,
			17;16;
			-0.004314,-0.930442,-0.366413,0.000000,
			-0.009683,0.366438,-0.930392,0.000000,
			0.999944,-0.000466,-0.010590,0.000000,
			0.000000,15.927187,-35.801170,1.000000;;,
			18;16;
			-0.002972,-0.929990,-0.367574,0.000000,
			-0.006711,0.367586,-0.929965,0.000000,
			0.999973,-0.000297,-0.007333,0.000000,
			0.000000,17.573244,-36.002228,1.000000;;,
			19;16;
			-0.001822,-0.929604,-0.368556,0.000000,
			-0.004027,0.368560,-0.929595,0.000000,
			0.999990,-0.000209,-0.004415,0.000000,
			0.000000,19.004747,-36.172539,1.000000;;,
			20;16;
			-0.000863,-0.929287,-0.369358,0.000000,
			-0.001917,0.369359,-0.929285,0.000000,
			0.999998,-0.000094,-0.002100,0.000000,
			0.000000,20.134817,-36.304100,1.000000;;,
			21;16;
			-0.000192,-0.929074,-0.369893,0.000000,
			-0.000479,0.369893,-0.929074,0.000000,
			1.000000,-0.000001,-0.000516,0.000000,
			0.000000,20.876572,-36.388905,1.000000;;,
			22;16;
			0.000000,-0.929004,-0.370071,0.000000,
			0.000000,0.370071,-0.929004,0.000000,
			1.000000,0.000000,0.000000,0.000000,
			0.000000,21.143131,-36.418949,1.000000;;;
		}
	}
	Animation {
		{Head}
		AnimationKey {
			4;
			23;
			0;16;
			-0.382772,-0.923843,0.000000,0.000000,
			-0.923843,0.382772,-0.000000,0.000000,
			-0.000000,-0.000000,-1.000000,0.000000,
			60.937344,-2.771742,-0.000000,1.000000;;,
			1;16;
			-0.319034,-0.947697,0.009396,0.000000,
			-0.947640,0.319129,0.011600,0.000000,
			-0.013991,-0.005203,-0.999889,0.000000,
			61.074917,0.059752,-0.512055,1.000000;;,
			2;16;
			-0.174028,-0.984447,0.024062,0.000000,
			-0.983722,0.174907,0.041202,0.000000,
			-0.044770,-0.016500,-0.998861,0.000000,
			61.601528,6.291299,-1.638577,1.000000;;,
			3;16;
			-0.025392,-0.999233,0.029812,0.000000,
			-0.996819,0.027562,0.074774,0.000000,
			-0.075538,-0.027819,-0.996755,0.000000,
			62.688042,12.528494,-2.765098,1.000000;;,
			4;16;
			0.042345,-0.998675,0.029237,0.000000,
			-0.995091,-0.039537,0.090724,0.000000,
			-0.089448,-0.032936,-0.995447,0.000000,
			64.505302,15.376934,-3.277153,1.000000;;,
			5;16;
			-0.293706,-0.954367,0.054047,0.000000,
			-0.952607,0.296913,0.066199,0.000000,
			-0.079225,-0.032042,-0.996342,0.000000,
			70.340683,-7.565606,-2.427521,1.000000;;,
			6;16;
			-0.843120,-0.534240,0.061129,0.000000,
			-0.535059,0.844807,0.003445,0.000000,
			-0.053483,-0.029804,-0.998124,0.000000,
			75.345055,-58.831959,-0.849632,1.000000;;,
			7;16;
			-0.999410,0.028369,0.019365,0.000000,
			0.027839,0.999244,-0.027124,0.000000,
			-0.020120,-0.026569,-0.999444,0.000000,
			77.717102,-111.909210,-0.000000,1.000000;;,
			8;16;
			-0.936739,0.349423,-0.020611,0.000000,
			0.349774,0.936680,-0.016965,0.000000,
			0.013378,-0.023101,-0.999644,0.000000,
			73.732376,-169.214081,-0.000000,1.000000;;,
			9;16;
			-0.839095,0.542234,-0.043609,0.000000,
			0.542576,0.839994,0.004597,0.000000,
			0.039124,-0.019803,-0.999038,0.000000,
			59.747169,-228.404160,-0.000000,1.000000;;,
			10;16;
			-0.793978,0.605901,-0.049833,0.000000,
			0.605938,0.795349,0.016086,0.000000,
			0.049381,-0.017424,-0.998628,0.000000,
			34.081272,-255.827972,-0.000000,1.000000;;,
			11;16;
			-0.815353,0.576930,-0.048493,0.000000,
			0.576939,0.816645,0.015225,0.000000,
			0.048385,-0.015563,-0.998707,0.000000,
			34.609692,-250.848846,-0.000000,1.000000;;,
			12;16;
			-0.868721,0.493115,-0.046482,0.000000,
			0.493191,0.869856,0.010630,0.000000,
			0.045674,-0.013690,-0.998863,0.000000,
			36.070610,-237.083069,-0.000000,1.000000;;,
			13;16;
			-0.932988,0.357326,-0.043034,0.000000,
			0.357497,0.933906,0.003927,0.000000,
			0.041593,-0.011721,-0.999066,0.000000,
			38.277534,-216.287933,-0.000000,1.000000;;,
			14;16;
			-0.983647,0.176124,-0.037669,0.000000,
			0.176366,0.984320,-0.003162,0.000000,
			0.036522,-0.009754,-0.999285,0.000000,
			41.043957,-190.220810,-0.000000,1.000000;;,
			15;16;
			-0.998862,-0.036695,-0.030483,0.000000,
			-0.036438,0.999296,-0.008912,0.000000,
			0.030789,-0.007791,-0.999496,0.000000,
			44.183384,-160.639008,-0.000000,1.000000;;,
			16;16;
			-0.965305,-0.260174,-0.022240,0.000000,
			-0.259956,0.965543,-0.012269,0.000000,
			0.024666,-0.006061,-0.999677,0.000000,
			47.509312,-129.299835,-0.000000,1.000000;;,
			17;16;
			-0.882328,-0.470418,-0.014284,0.000000,
			-0.470271,0.882433,-0.012558,0.000000,
			0.018512,-0.004363,-0.999819,0.000000,
			50.835232,-97.960732,-0.000000,1.000000;;,
			18;16;
			-0.762483,-0.646961,-0.007861,0.000000,
			-0.646881,0.762518,-0.010546,0.000000,
			0.012817,-0.002956,-0.999914,0.000000,
			53.974659,-68.378906,-0.000000,1.000000;;,
			19;16;
			-0.627771,-0.778391,-0.003451,0.000000,
			-0.778361,0.627778,-0.007095,0.000000,
			0.007689,-0.001768,-0.999969,0.000000,
			56.741081,-42.311794,-0.000000,1.000000;;,
			20;16;
			-0.504118,-0.863634,-0.001150,0.000000,
			-0.863627,0.504118,-0.003547,0.000000,
			0.003644,-0.000795,-0.999993,0.000000,
			58.948006,-21.516645,-0.000000,1.000000;;,
			21;16;
			-0.415732,-0.909487,-0.000191,0.000000,
			-0.909487,0.415732,-0.000959,0.000000,
			0.000952,-0.000224,-1.000000,0.000000,
			60.408928,-7.750866,-0.000000,1.000000;;,
			22;16;
			-0.382772,-0.923843,0.000000,0.000000,
			-0.923843,0.382772,-0.000000,0.000000,
			-0.000000,-0.000000,-1.000000,0.000000,
			60.937344,-2.771742,-0.000000,1.000000;;;
		}
	}
	Animation {
		{UpperTeethCTRL}
		AnimationKey {
			4;
			23;
			0;16;
			-0.000000,0.000000,-1.000000,0.000000,
			-0.951700,0.307029,0.000000,0.000000,
			0.307029,0.951700,-0.000000,0.000000,
			34.826504,0.000000,-0.000000,1.000000;;,
			1;16;
			-0.000000,0.000000,-1.000000,0.000000,
			-0.951700,0.307029,0.000000,0.000000,
			0.307029,0.951700,-0.000000,0.000000,
			34.826504,0.000000,-0.000000,1.000000;;,
			2;16;
			-0.000000,0.000000,-1.000000,0.000000,
			-0.951700,0.307029,0.000000,0.000000,
			0.307029,0.951700,-0.000000,0.000000,
			34.826504,0.000000,-0.000000,1.000000;;,
			3;16;
			-0.000000,0.000000,-1.000000,0.000000,
			-0.951700,0.307029,0.000000,0.000000,
			0.307029,0.951700,-0.000000,0.000000,
			34.826504,0.000000,-0.000000,1.000000;;,
			4;16;
			-0.000000,0.000000,-1.000000,0.000000,
			-0.951700,0.307029,0.000000,0.000000,
			0.307029,0.951700,-0.000000,0.000000,
			34.826504,0.000000,-0.000000,1.000000;;,
			5;16;
			-0.000000,0.000000,-1.000000,0.000000,
			-0.951700,0.307029,0.000000,0.000000,
			0.307029,0.951700,-0.000000,0.000000,
			34.826504,0.000000,-0.000000,1.000000;;,
			6;16;
			-0.000000,0.000000,-1.000000,0.000000,
			-0.951700,0.307029,0.000000,0.000000,
			0.307029,0.951700,-0.000000,0.000000,
			34.826504,0.000000,-0.000000,1.000000;;,
			7;16;
			-0.000000,0.000000,-1.000000,0.000000,
			-0.951700,0.307029,0.000000,0.000000,
			0.307029,0.951700,-0.000000,0.000000,
			34.826504,0.000000,-0.000000,1.000000;;,
			8;16;
			-0.000000,0.000000,-1.000000,0.000000,
			-0.951700,0.307029,0.000000,0.000000,
			0.307029,0.951700,-0.000000,0.000000,
			34.826504,0.000000,-0.000000,1.000000;;,
			9;16;
			-0.000000,0.000000,-1.000000,0.000000,
			-0.951700,0.307029,0.000000,0.000000,
			0.307029,0.951700,-0.000000,0.000000,
			34.826504,0.000000,-0.000000,1.000000;;,
			10;16;
			-0.000000,0.000000,-1.000000,0.000000,
			-0.951700,0.307029,0.000000,0.000000,
			0.307029,0.951700,-0.000000,0.000000,
			34.826504,0.000000,-0.000000,1.000000;;,
			11;16;
			-0.000000,0.000000,-1.000000,0.000000,
			-0.951700,0.307029,0.000000,0.000000,
			0.307029,0.951700,-0.000000,0.000000,
			34.826504,0.000000,-0.000000,1.000000;;,
			12;16;
			-0.000000,0.000000,-1.000000,0.000000,
			-0.951700,0.307029,0.000000,0.000000,
			0.307029,0.951700,-0.000000,0.000000,
			34.826504,0.000000,-0.000000,1.000000;;,
			13;16;
			-0.000000,0.000000,-1.000000,0.000000,
			-0.951700,0.307029,0.000000,0.000000,
			0.307029,0.951700,-0.000000,0.000000,
			34.826504,0.000000,-0.000000,1.000000;;,
			14;16;
			-0.000000,0.000000,-1.000000,0.000000,
			-0.951700,0.307029,0.000000,0.000000,
			0.307029,0.951700,-0.000000,0.000000,
			34.826504,0.000000,-0.000000,1.000000;;,
			15;16;
			-0.000000,0.000000,-1.000000,0.000000,
			-0.951700,0.307029,0.000000,0.000000,
			0.307029,0.951700,-0.000000,0.000000,
			34.826504,0.000000,-0.000000,1.000000;;,
			16;16;
			-0.000000,0.000000,-1.000000,0.000000,
			-0.951700,0.307029,0.000000,0.000000,
			0.307029,0.951700,-0.000000,0.000000,
			34.826504,0.000000,-0.000000,1.000000;;,
			17;16;
			-0.000000,0.000000,-1.000000,0.000000,
			-0.951700,0.307029,0.000000,0.000000,
			0.307029,0.951700,-0.000000,0.000000,
			34.826504,0.000000,-0.000000,1.000000;;,
			18;16;
			-0.000000,0.000000,-1.000000,0.000000,
			-0.951700,0.307029,0.000000,0.000000,
			0.307029,0.951700,-0.000000,0.000000,
			34.826504,0.000000,-0.000000,1.000000;;,
			19;16;
			-0.000000,0.000000,-1.000000,0.000000,
			-0.951700,0.307029,0.000000,0.000000,
			0.307029,0.951700,-0.000000,0.000000,
			34.826504,0.000000,-0.000000,1.000000;;,
			20;16;
			-0.000000,0.000000,-1.000000,0.000000,
			-0.951700,0.307029,0.000000,0.000000,
			0.307029,0.951700,-0.000000,0.000000,
			34.826504,0.000000,-0.000000,1.000000;;,
			21;16;
			-0.000000,0.000000,-1.000000,0.000000,
			-0.951700,0.307029,0.000000,0.000000,
			0.307029,0.951700,-0.000000,0.000000,
			34.826504,0.000000,-0.000000,1.000000;;,
			22;16;
			-0.000000,0.000000,-1.000000,0.000000,
			-0.951700,0.307029,0.000000,0.000000,
			0.307029,0.951700,-0.000000,0.000000,
			34.826504,0.000000,-0.000000,1.000000;;;
		}
	}
	Animation {
		{EyeCTRL}
		AnimationKey {
			4;
			23;
			0;16;
			0.865706,-0.500553,-0.000000,0.000000,
			-0.500553,-0.865706,-0.000000,0.000000,
			0.000000,0.000000,-1.000000,0.000000,
			8.724464,-10.207933,0.000000,1.000000;;,
			1;16;
			0.865706,-0.500553,-0.000000,0.000000,
			-0.500553,-0.865706,-0.000000,0.000000,
			0.000000,0.000000,-1.000000,0.000000,
			8.724464,-10.207933,0.000000,1.000000;;,
			2;16;
			0.865706,-0.500553,-0.000000,0.000000,
			-0.500553,-0.865706,-0.000000,0.000000,
			0.000000,0.000000,-1.000000,0.000000,
			8.724464,-10.207933,0.000000,1.000000;;,
			3;16;
			0.865706,-0.500553,-0.000000,0.000000,
			-0.500553,-0.865706,-0.000000,0.000000,
			0.000000,0.000000,-1.000000,0.000000,
			8.724464,-10.207933,0.000000,1.000000;;,
			4;16;
			0.865706,-0.500553,-0.000000,0.000000,
			-0.500553,-0.865706,-0.000000,0.000000,
			0.000000,0.000000,-1.000000,0.000000,
			8.724464,-10.207933,0.000000,1.000000;;,
			5;16;
			0.745377,-0.666643,-0.000000,0.000000,
			-0.666643,-0.745377,-0.000000,0.000000,
			0.000000,0.000000,-1.000000,0.000000,
			8.724464,-10.207933,0.000000,1.000000;;,
			6;16;
			0.443521,-0.896264,-0.000000,0.000000,
			-0.896264,-0.443521,-0.000000,0.000000,
			0.000000,0.000000,-1.000000,0.000000,
			8.724464,-10.207933,0.000000,1.000000;;,
			7;16;
			0.251341,-0.967898,-0.000000,0.000000,
			-0.967898,-0.251341,-0.000000,0.000000,
			0.000000,0.000000,-1.000000,0.000000,
			8.724464,-10.207933,0.000000,1.000000;;,
			8;16;
			0.454486,-0.890754,-0.000000,0.000000,
			-0.890754,-0.454486,-0.000000,0.000000,
			0.000000,0.000000,-1.000000,0.000000,
			8.724464,-10.207933,0.000000,1.000000;;,
			9;16;
			0.768245,-0.640156,-0.000000,0.000000,
			-0.640156,-0.768245,-0.000000,0.000000,
			0.000000,0.000000,-1.000000,0.000000,
			8.724464,-10.207933,0.000000,1.000000;;,
			10;16;
			0.888389,-0.459091,0.000000,0.000000,
			-0.459091,-0.888389,-0.000000,0.000000,
			0.000000,0.000000,-1.000000,0.000000,
			8.724464,-10.207933,0.000000,1.000000;;,
			11;16;
			0.887949,-0.459943,-0.000000,0.000000,
			-0.459943,-0.887949,-0.000000,0.000000,
			0.000000,0.000000,-1.000000,0.000000,
			8.724464,-10.207933,0.000000,1.000000;;,
			12;16;
			0.886799,-0.462155,-0.000000,0.000000,
			-0.462155,-0.886799,-0.000000,0.000000,
			0.000000,0.000000,-1.000000,0.000000,
			8.724464,-10.207933,0.000000,1.000000;;,
			13;16;
			0.884976,-0.465637,-0.000000,0.000000,
			-0.465637,-0.884976,-0.000000,0.000000,
			0.000000,0.000000,-1.000000,0.000000,
			8.724464,-10.207933,0.000000,1.000000;;,
			14;16;
			0.882688,-0.469959,-0.000000,0.000000,
			-0.469959,-0.882688,-0.000000,0.000000,
			0.000000,0.000000,-1.000000,0.000000,
			8.724464,-10.207933,0.000000,1.000000;;,
			15;16;
			0.880107,-0.474775,-0.000000,0.000000,
			-0.474775,-0.880107,-0.000000,0.000000,
			0.000000,0.000000,-1.000000,0.000000,
			8.724464,-10.207933,0.000000,1.000000;;,
			16;16;
			0.877315,-0.479914,-0.000000,0.000000,
			-0.479914,-0.877315,-0.000000,0.000000,
			0.000000,0.000000,-1.000000,0.000000,
			8.724464,-10.207933,0.000000,1.000000;;,
			17;16;
			0.874494,-0.485037,-0.000000,0.000000,
			-0.485037,-0.874494,-0.000000,0.000000,
			0.000000,0.000000,-1.000000,0.000000,
			8.724464,-10.207933,0.000000,1.000000;;,
			18;16;
			0.871783,-0.489892,-0.000000,0.000000,
			-0.489892,-0.871783,-0.000000,0.000000,
			0.000000,0.000000,-1.000000,0.000000,
			8.724464,-10.207933,0.000000,1.000000;;,
			19;16;
			0.869377,-0.494149,-0.000000,0.000000,
			-0.494149,-0.869377,-0.000000,0.000000,
			0.000000,0.000000,-1.000000,0.000000,
			8.724464,-10.207933,0.000000,1.000000;;,
			20;16;
			0.867476,-0.497479,-0.000000,0.000000,
			-0.497479,-0.867476,-0.000000,0.000000,
			0.000000,0.000000,-1.000000,0.000000,
			8.724464,-10.207933,0.000000,1.000000;;,
			21;16;
			0.866185,-0.499723,-0.000000,0.000000,
			-0.499723,-0.866185,-0.000000,0.000000,
			0.000000,0.000000,-1.000000,0.000000,
			8.724464,-10.207933,0.000000,1.000000;;,
			22;16;
			0.865706,-0.500553,-0.000000,0.000000,
			-0.500553,-0.865706,-0.000000,0.000000,
			0.000000,0.000000,-1.000000,0.000000,
			8.724464,-10.207933,0.000000,1.000000;;;
		}
	}
	Animation {
		{EyeBallCTRL}
		AnimationKey {
			4;
			23;
			0;16;
			0.000000,0.000000,1.000000,0.000000,
			-0.986450,0.164062,0.000000,0.000000,
			-0.164062,-0.986450,0.000000,0.000000,
			16.846575,0.000000,-0.000000,1.000000;;,
			1;16;
			0.000000,0.000000,1.000000,0.000000,
			-0.986450,0.164062,0.000000,0.000000,
			-0.164062,-0.986450,0.000000,0.000000,
			16.846575,0.000000,-0.000000,1.000000;;,
			2;16;
			0.000000,0.000000,1.000000,0.000000,
			-0.986450,0.164062,0.000000,0.000000,
			-0.164062,-0.986450,0.000000,0.000000,
			16.846575,0.000000,-0.000000,1.000000;;,
			3;16;
			0.000000,0.000000,1.000000,0.000000,
			-0.986450,0.164062,0.000000,0.000000,
			-0.164062,-0.986450,0.000000,0.000000,
			16.846575,0.000000,-0.000000,1.000000;;,
			4;16;
			0.000000,0.000000,1.000000,0.000000,
			-0.986450,0.164062,0.000000,0.000000,
			-0.164062,-0.986450,0.000000,0.000000,
			16.846575,0.000000,-0.000000,1.000000;;,
			5;16;
			0.000000,0.000000,1.000000,0.000000,
			-0.986450,0.164062,0.000000,0.000000,
			-0.164062,-0.986450,0.000000,0.000000,
			16.846575,0.000000,-0.000000,1.000000;;,
			6;16;
			0.000000,0.000000,1.000000,0.000000,
			-0.986450,0.164062,0.000000,0.000000,
			-0.164062,-0.986450,0.000000,0.000000,
			16.846575,0.000000,-0.000000,1.000000;;,
			7;16;
			0.000000,0.000000,1.000000,0.000000,
			-0.986450,0.164062,0.000000,0.000000,
			-0.164062,-0.986450,0.000000,0.000000,
			16.846575,0.000000,-0.000000,1.000000;;,
			8;16;
			0.000000,0.000000,1.000000,0.000000,
			-0.986450,0.164062,0.000000,0.000000,
			-0.164062,-0.986450,0.000000,0.000000,
			16.846575,0.000000,-0.000000,1.000000;;,
			9;16;
			0.000000,0.000000,1.000000,0.000000,
			-0.986450,0.164062,0.000000,0.000000,
			-0.164062,-0.986450,0.000000,0.000000,
			16.846575,0.000000,-0.000000,1.000000;;,
			10;16;
			0.000000,0.000000,1.000000,0.000000,
			-0.986450,0.164062,0.000000,0.000000,
			-0.164062,-0.986450,0.000000,0.000000,
			16.846575,0.000000,-0.000000,1.000000;;,
			11;16;
			0.000000,0.000000,1.000000,0.000000,
			-0.986450,0.164062,0.000000,0.000000,
			-0.164062,-0.986450,0.000000,0.000000,
			16.846575,0.000000,-0.000000,1.000000;;,
			12;16;
			0.000000,0.000000,1.000000,0.000000,
			-0.986450,0.164062,0.000000,0.000000,
			-0.164062,-0.986450,0.000000,0.000000,
			16.846575,0.000000,-0.000000,1.000000;;,
			13;16;
			0.000000,0.000000,1.000000,0.000000,
			-0.986450,0.164062,0.000000,0.000000,
			-0.164062,-0.986450,0.000000,0.000000,
			16.846575,0.000000,-0.000000,1.000000;;,
			14;16;
			0.000000,0.000000,1.000000,0.000000,
			-0.986450,0.164062,0.000000,0.000000,
			-0.164062,-0.986450,0.000000,0.000000,
			16.846575,0.000000,-0.000000,1.000000;;,
			15;16;
			0.000000,0.000000,1.000000,0.000000,
			-0.986450,0.164062,0.000000,0.000000,
			-0.164062,-0.986450,0.000000,0.000000,
			16.846575,0.000000,-0.000000,1.000000;;,
			16;16;
			0.000000,0.000000,1.000000,0.000000,
			-0.986450,0.164062,0.000000,0.000000,
			-0.164062,-0.986450,0.000000,0.000000,
			16.846575,0.000000,-0.000000,1.000000;;,
			17;16;
			0.000000,0.000000,1.000000,0.000000,
			-0.986450,0.164062,0.000000,0.000000,
			-0.164062,-0.986450,0.000000,0.000000,
			16.846575,0.000000,-0.000000,1.000000;;,
			18;16;
			0.000000,0.000000,1.000000,0.000000,
			-0.986450,0.164062,0.000000,0.000000,
			-0.164062,-0.986450,0.000000,0.000000,
			16.846575,0.000000,-0.000000,1.000000;;,
			19;16;
			0.000000,0.000000,1.000000,0.000000,
			-0.986450,0.164062,0.000000,0.000000,
			-0.164062,-0.986450,0.000000,0.000000,
			16.846575,0.000000,-0.000000,1.000000;;,
			20;16;
			0.000000,0.000000,1.000000,0.000000,
			-0.986450,0.164062,0.000000,0.000000,
			-0.164062,-0.986450,0.000000,0.000000,
			16.846575,0.000000,-0.000000,1.000000;;,
			21;16;
			0.000000,0.000000,1.000000,0.000000,
			-0.986450,0.164062,0.000000,0.000000,
			-0.164062,-0.986450,0.000000,0.000000,
			16.846575,0.000000,-0.000000,1.000000;;,
			22;16;
			0.000000,0.000000,1.000000,0.000000,
			-0.986450,0.164062,0.000000,0.000000,
			-0.164062,-0.986450,0.000000,0.000000,
			16.846575,0.000000,-0.000000,1.000000;;;
		}
	}
	Animation {
		{UppderEyeLid}
		AnimationKey {
			4;
			23;
			0;16;
			0.000000,0.000000,1.000000,0.000000,
			-0.999250,0.038723,0.000000,0.000000,
			-0.038723,-0.999250,0.000000,0.000000,
			16.846575,0.000000,-0.000000,1.000000;;,
			1;16;
			0.000000,0.000000,1.000000,0.000000,
			-0.998851,-0.047919,0.000000,0.000000,
			0.047919,-0.998851,0.000000,0.000000,
			16.846575,0.000000,-0.000000,1.000000;;,
			2;16;
			0.000000,0.000000,1.000000,0.000000,
			-0.964943,-0.262460,0.000000,0.000000,
			0.262460,-0.964943,0.000000,0.000000,
			16.846575,0.000000,-0.000000,1.000000;;,
			3;16;
			0.000000,0.000000,1.000000,0.000000,
			-0.882012,-0.471228,0.000000,0.000000,
			0.471228,-0.882012,0.000000,0.000000,
			16.846575,0.000000,-0.000000,1.000000;;,
			4;16;
			0.000000,0.000000,1.000000,0.000000,
			-0.833329,-0.552777,0.000000,0.000000,
			0.552777,-0.833329,0.000000,0.000000,
			16.846575,0.000000,-0.000000,1.000000;;,
			5;16;
			0.000000,0.000000,1.000000,0.000000,
			-0.834229,-0.551418,0.000000,0.000000,
			0.551418,-0.834229,0.000000,0.000000,
			16.846575,0.000000,-0.000000,1.000000;;,
			6;16;
			0.000000,0.000000,1.000000,0.000000,
			-0.840362,-0.542026,0.000000,0.000000,
			0.542026,-0.840362,0.000000,0.000000,
			16.846575,0.000000,-0.000000,1.000000;;,
			7;16;
			0.000000,0.000000,1.000000,0.000000,
			-0.856889,-0.515500,0.000000,0.000000,
			0.515500,-0.856889,0.000000,0.000000,
			16.846575,0.000000,-0.000000,1.000000;;,
			8;16;
			0.000000,0.000000,1.000000,0.000000,
			-0.950217,-0.311587,0.000000,0.000000,
			0.311587,-0.950217,0.000000,0.000000,
			16.846575,0.000000,-0.000000,1.000000;;,
			9;16;
			0.000000,0.000000,1.000000,0.000000,
			-0.999394,0.034795,0.000000,0.000000,
			-0.034795,-0.999394,0.000000,0.000000,
			16.846575,0.000000,-0.000000,1.000000;;,
			10;16;
			0.000000,0.000000,1.000000,0.000000,
			-0.986450,0.164062,0.000000,0.000000,
			-0.164062,-0.986450,0.000000,0.000000,
			16.846575,0.000000,-0.000000,1.000000;;,
			11;16;
			0.000000,0.000000,1.000000,0.000000,
			-0.986763,0.162170,0.000000,0.000000,
			-0.162170,-0.986763,0.000000,0.000000,
			16.846575,0.000000,-0.000000,1.000000;;,
			12;16;
			0.000000,0.000000,1.000000,0.000000,
			-0.987634,0.156775,0.000000,0.000000,
			-0.156775,-0.987634,0.000000,0.000000,
			16.846575,0.000000,-0.000000,1.000000;;,
			13;16;
			0.000000,0.000000,1.000000,0.000000,
			-0.988936,0.148342,0.000000,0.000000,
			-0.148342,-0.988936,0.000000,0.000000,
			16.846575,0.000000,-0.000000,1.000000;;,
			14;16;
			0.000000,0.000000,1.000000,0.000000,
			-0.990564,0.137050,0.000000,0.000000,
			-0.137050,-0.990564,0.000000,0.000000,
			16.846575,0.000000,-0.000000,1.000000;;,
			15;16;
			0.000000,0.000000,1.000000,0.000000,
			-0.992338,0.123552,0.000000,0.000000,
			-0.123552,-0.992338,0.000000,0.000000,
			16.846575,0.000000,-0.000000,1.000000;;,
			16;16;
			0.000000,0.000000,1.000000,0.000000,
			-0.994116,0.108316,0.000000,0.000000,
			-0.108316,-0.994116,0.000000,0.000000,
			16.846575,0.000000,-0.000000,1.000000;;,
			17;16;
			0.000000,0.000000,1.000000,0.000000,
			-0.995732,0.092291,0.000000,0.000000,
			-0.092291,-0.995732,0.000000,0.000000,
			16.846575,0.000000,-0.000000,1.000000;;,
			18;16;
			0.000000,0.000000,1.000000,0.000000,
			-0.997075,0.076433,0.000000,0.000000,
			-0.076433,-0.997075,0.000000,0.000000,
			16.846575,0.000000,-0.000000,1.000000;;,
			19;16;
			0.000000,0.000000,1.000000,0.000000,
			-0.998089,0.061799,0.000000,0.000000,
			-0.061799,-0.998089,0.000000,0.000000,
			16.846575,0.000000,-0.000000,1.000000;;,
			20;16;
			0.000000,0.000000,1.000000,0.000000,
			-0.998757,0.049834,0.000000,0.000000,
			-0.049834,-0.998757,0.000000,0.000000,
			16.846575,0.000000,-0.000000,1.000000;;,
			21;16;
			0.000000,0.000000,1.000000,0.000000,
			-0.999130,0.041693,0.000000,0.000000,
			-0.041693,-0.999130,0.000000,0.000000,
			16.846575,0.000000,-0.000000,1.000000;;,
			22;16;
			0.000000,0.000000,1.000000,0.000000,
			-0.999250,0.038723,0.000000,0.000000,
			-0.038723,-0.999250,0.000000,0.000000,
			16.846575,0.000000,-0.000000,1.000000;;;
		}
	}
	Animation {
		{LowerEyelid}
		AnimationKey {
			4;
			23;
			0;16;
			0.000000,0.000000,1.000000,0.000000,
			-0.986450,0.164062,0.000000,0.000000,
			-0.164062,-0.986450,0.000000,0.000000,
			16.846575,0.000000,-0.000000,1.000000;;,
			1;16;
			0.000000,0.000000,1.000000,0.000000,
			-0.983158,0.182757,0.000000,0.000000,
			-0.182757,-0.983158,0.000000,0.000000,
			16.846575,0.000000,-0.000000,1.000000;;,
			2;16;
			0.000000,0.000000,1.000000,0.000000,
			-0.975534,0.219849,0.000000,0.000000,
			-0.219849,-0.975534,0.000000,0.000000,
			16.846575,0.000000,-0.000000,1.000000;;,
			3;16;
			0.000000,0.000000,1.000000,0.000000,
			-0.967754,0.251898,0.000000,0.000000,
			-0.251898,-0.967754,0.000000,0.000000,
			16.846575,0.000000,-0.000000,1.000000;;,
			4;16;
			0.000000,0.000000,1.000000,0.000000,
			-0.964260,0.264957,0.000000,0.000000,
			-0.264957,-0.964260,0.000000,0.000000,
			16.846575,0.000000,-0.000000,1.000000;;,
			5;16;
			0.000000,0.000000,1.000000,0.000000,
			-0.964336,0.264679,0.000000,0.000000,
			-0.264679,-0.964336,0.000000,0.000000,
			16.846575,0.000000,-0.000000,1.000000;;,
			6;16;
			0.000000,0.000000,1.000000,0.000000,
			-0.964741,0.263200,0.000000,0.000000,
			-0.263200,-0.964741,0.000000,0.000000,
			16.846575,0.000000,-0.000000,1.000000;;,
			7;16;
			0.000000,0.000000,1.000000,0.000000,
			-0.965918,0.258850,0.000000,0.000000,
			-0.258850,-0.965918,0.000000,0.000000,
			16.846575,0.000000,-0.000000,1.000000;;,
			8;16;
			0.000000,0.000000,1.000000,0.000000,
			-0.972069,0.234694,0.000000,0.000000,
			-0.234694,-0.972069,0.000000,0.000000,
			16.846575,0.000000,-0.000000,1.000000;;,
			9;16;
			0.000000,0.000000,1.000000,0.000000,
			-0.981709,0.190386,0.000000,0.000000,
			-0.190386,-0.981709,0.000000,0.000000,
			16.846575,0.000000,-0.000000,1.000000;;,
			10;16;
			0.000000,0.000000,1.000000,0.000000,
			-0.986450,0.164062,0.000000,0.000000,
			-0.164062,-0.986450,0.000000,0.000000,
			16.846575,0.000000,-0.000000,1.000000;;,
			11;16;
			0.000000,0.000000,1.000000,0.000000,
			-0.986450,0.164062,0.000000,0.000000,
			-0.164062,-0.986450,0.000000,0.000000,
			16.846575,0.000000,-0.000000,1.000000;;,
			12;16;
			0.000000,0.000000,1.000000,0.000000,
			-0.986450,0.164062,0.000000,0.000000,
			-0.164062,-0.986450,0.000000,0.000000,
			16.846575,0.000000,-0.000000,1.000000;;,
			13;16;
			0.000000,0.000000,1.000000,0.000000,
			-0.986450,0.164062,0.000000,0.000000,
			-0.164062,-0.986450,0.000000,0.000000,
			16.846575,0.000000,-0.000000,1.000000;;,
			14;16;
			0.000000,0.000000,1.000000,0.000000,
			-0.986450,0.164062,0.000000,0.000000,
			-0.164062,-0.986450,0.000000,0.000000,
			16.846575,0.000000,-0.000000,1.000000;;,
			15;16;
			0.000000,0.000000,1.000000,0.000000,
			-0.986450,0.164062,0.000000,0.000000,
			-0.164062,-0.986450,0.000000,0.000000,
			16.846575,0.000000,-0.000000,1.000000;;,
			16;16;
			0.000000,0.000000,1.000000,0.000000,
			-0.986450,0.164062,0.000000,0.000000,
			-0.164062,-0.986450,0.000000,0.000000,
			16.846575,0.000000,-0.000000,1.000000;;,
			17;16;
			0.000000,0.000000,1.000000,0.000000,
			-0.986450,0.164062,0.000000,0.000000,
			-0.164062,-0.986450,0.000000,0.000000,
			16.846575,0.000000,-0.000000,1.000000;;,
			18;16;
			0.000000,0.000000,1.000000,0.000000,
			-0.986450,0.164062,0.000000,0.000000,
			-0.164062,-0.986450,0.000000,0.000000,
			16.846575,0.000000,-0.000000,1.000000;;,
			19;16;
			0.000000,0.000000,1.000000,0.000000,
			-0.986450,0.164062,0.000000,0.000000,
			-0.164062,-0.986450,0.000000,0.000000,
			16.846575,0.000000,-0.000000,1.000000;;,
			20;16;
			0.000000,0.000000,1.000000,0.000000,
			-0.986450,0.164062,0.000000,0.000000,
			-0.164062,-0.986450,0.000000,0.000000,
			16.846575,0.000000,-0.000000,1.000000;;,
			21;16;
			0.000000,0.000000,1.000000,0.000000,
			-0.986450,0.164062,0.000000,0.000000,
			-0.164062,-0.986450,0.000000,0.000000,
			16.846575,0.000000,-0.000000,1.000000;;,
			22;16;
			0.000000,0.000000,1.000000,0.000000,
			-0.986450,0.164062,0.000000,0.000000,
			-0.164062,-0.986450,0.000000,0.000000,
			16.846575,0.000000,-0.000000,1.000000;;;
		}
	}
	Animation {
		{RearLeftLeg01}
		AnimationKey {
			4;
			23;
			0;16;
			-0.170110,0.751294,0.637667,0.000000,
			-0.230365,0.598850,-0.767014,0.000000,
			-0.958120,-0.277373,0.071202,0.000000,
			-14.736686,30.774757,40.574268,1.000000;;,
			1;16;
			-0.136094,0.741448,0.657064,0.000000,
			-0.233695,0.620492,-0.748583,0.000000,
			-0.962738,-0.255431,0.088827,0.000000,
			-14.736686,30.774757,40.574268,1.000000;;,
			2;16;
			-0.077698,0.716779,0.692958,0.000000,
			-0.253796,0.657941,-0.709015,0.000000,
			-0.964132,-0.230959,0.130794,0.000000,
			-14.736686,30.774757,40.574268,1.000000;;,
			3;16;
			-0.042378,0.689955,0.722611,0.000000,
			-0.292872,0.682910,-0.669223,0.000000,
			-0.955212,-0.239993,0.173129,0.000000,
			-14.736686,30.774757,40.574268,1.000000;;,
			4;16;
			-0.034401,0.677105,0.735082,0.000000,
			-0.317153,0.690103,-0.650517,0.000000,
			-0.947750,-0.255512,0.191005,0.000000,
			-14.736686,30.774757,40.574268,1.000000;;,
			5;16;
			-0.000026,0.696425,0.717630,0.000000,
			-0.274575,0.690043,-0.669663,0.000000,
			-0.961566,-0.197061,0.191203,0.000000,
			-14.736686,30.774757,40.574268,1.000000;;,
			6;16;
			0.045647,0.733886,0.677738,0.000000,
			-0.196082,0.671829,-0.714281,0.000000,
			-0.979525,-0.100287,0.174568,0.000000,
			-14.736686,30.774757,40.574268,1.000000;;,
			7;16;
			0.031837,0.776276,0.629589,0.000000,
			-0.150482,0.626451,-0.764797,0.000000,
			-0.988100,-0.070393,0.136759,0.000000,
			-14.736686,30.774757,40.574268,1.000000;;,
			8;16;
			-0.040672,0.813406,0.580273,0.000000,
			-0.152805,0.568859,-0.808115,0.000000,
			-0.987419,-0.121536,0.101156,0.000000,
			-14.736686,30.774757,40.574268,1.000000;;,
			9;16;
			-0.104944,0.827550,0.551497,0.000000,
			-0.165814,0.532235,-0.830200,0.000000,
			-0.980557,-0.178570,0.081364,0.000000,
			-14.736686,30.774757,40.574268,1.000000;;,
			10;16;
			-0.204434,0.821329,0.532565,0.000000,
			-0.172295,0.505370,-0.845527,0.000000,
			-0.963598,-0.264613,0.038196,0.000000,
			-14.736686,30.774757,40.574268,1.000000;;,
			11;16;
			-0.204639,0.817156,0.538867,0.000000,
			-0.173892,0.511411,-0.841558,0.000000,
			-0.963267,-0.265921,0.037442,0.000000,
			-14.736686,30.774757,40.574268,1.000000;;,
			12;16;
			-0.200902,0.811967,0.548040,0.000000,
			-0.175691,0.520511,-0.835585,0.000000,
			-0.963728,-0.264156,0.038083,0.000000,
			-14.736686,30.774757,40.574268,1.000000;;,
			13;16;
			-0.194806,0.805798,0.559232,0.000000,
			-0.178267,0.531572,-0.828041,0.000000,
			-0.964506,-0.261000,0.040094,0.000000,
			-14.736686,30.774757,40.574268,1.000000;;,
			14;16;
			-0.188038,0.798861,0.571369,0.000000,
			-0.182008,0.543327,-0.819554,0.000000,
			-0.965150,-0.258101,0.043233,0.000000,
			-14.736686,30.774757,40.574268,1.000000;;,
			15;16;
			-0.181685,0.791291,0.583822,0.000000,
			-0.187131,0.555033,-0.810507,0.000000,
			-0.965387,-0.256508,0.047234,0.000000,
			-14.736686,30.774757,40.574268,1.000000;;,
			16;16;
			-0.176451,0.783417,0.595921,0.000000,
			-0.193704,0.565945,-0.801365,0.000000,
			-0.965061,-0.256834,0.051889,0.000000,
			-14.736686,30.774757,40.574268,1.000000;;,
			17;16;
			-0.172740,0.775575,0.607161,0.000000,
			-0.201276,0.575625,-0.792555,0.000000,
			-0.964183,-0.259113,0.056671,0.000000,
			-14.736686,30.774757,40.574268,1.000000;;,
			18;16;
			-0.170654,0.768128,0.617136,0.000000,
			-0.209462,0.583727,-0.784467,0.000000,
			-0.962810,-0.263140,0.061278,0.000000,
			-14.736686,30.774757,40.574268,1.000000;;,
			19;16;
			-0.169721,0.761485,0.625568,0.000000,
			-0.217315,0.590232,-0.777432,0.000000,
			-0.961233,-0.267892,0.065308,0.000000,
			-14.736686,30.774757,40.574268,1.000000;;,
			20;16;
			-0.169747,0.756115,0.632041,0.000000,
			-0.224038,0.594947,-0.771910,0.000000,
			-0.959684,-0.272631,0.068408,0.000000,
			-14.736686,30.774757,40.574268,1.000000;;,
			21;16;
			-0.169974,0.752618,0.636140,0.000000,
			-0.228709,0.597779,-0.768344,0.000000,
			-0.958541,-0.276090,0.070524,0.000000,
			-14.736686,30.774757,40.574268,1.000000;;,
			22;16;
			-0.170110,0.751294,0.637667,0.000000,
			-0.230365,0.598850,-0.767014,0.000000,
			-0.958120,-0.277373,0.071202,0.000000,
			-14.736686,30.774757,40.574268,1.000000;;;
		}
	}
	Animation {
		{RearLeftLeg02}
		AnimationKey {
			4;
			23;
			0;16;
			0.118972,0.172208,0.977850,0.000000,
			0.769092,0.606890,-0.200452,0.000000,
			-0.627967,0.775905,-0.060241,0.000000,
			14.146868,-0.000000,0.000000,1.000000;;,
			1;16;
			0.046367,0.146677,0.988097,0.000000,
			0.768337,0.626887,-0.129112,0.000000,
			-0.638363,0.765179,-0.083630,0.000000,
			14.146868,-0.000000,0.000000,1.000000;;,
			2;16;
			-0.090194,0.094195,0.991460,0.000000,
			0.755537,0.655073,0.006496,0.000000,
			-0.648867,0.749671,-0.130251,0.000000,
			14.146868,-0.000000,0.000000,1.000000;;,
			3;16;
			-0.195068,0.050545,0.979486,0.000000,
			0.735460,0.668250,0.111985,0.000000,
			-0.648881,0.742218,-0.167528,0.000000,
			14.146868,-0.000000,0.000000,1.000000;;,
			4;16;
			-0.232324,0.034454,0.972028,0.000000,
			0.726096,0.671087,0.149757,0.000000,
			-0.647156,0.740578,-0.180927,0.000000,
			14.146868,-0.000000,0.000000,1.000000;;,
			5;16;
			-0.223928,0.038095,0.973861,0.000000,
			0.728310,0.670535,0.141237,0.000000,
			-0.647627,0.740899,-0.177896,0.000000,
			14.146868,-0.000000,0.000000,1.000000;;,
			6;16;
			-0.161321,0.064925,0.984764,0.000000,
