xof 0303txt 0032
Frame ChestMesh {
	FrameTransformMatrix {
		1.000000,0.000000,0.000000,0.000000,
		0.000000,1.000000,0.000000,0.000000,
		0.000000,0.000000,1.000000,0.000000,
		0.000000,0.000000,0.000000,1.000000;;
	}
}
Frame Root {
	FrameTransformMatrix {
		0.810273,0.024658,-0.585534,0.000000,
		-0.584802,0.099272,-0.805079,0.000000,
		0.038275,0.994755,0.094857,0.000000,
		0.000000,36.725365,-26.029322,1.000000;;
	}
	Frame Body {
		FrameTransformMatrix {
			0.408029,0.912969,0.000000,0.000000,
			-0.912969,0.408029,0.000000,0.000000,
			-0.000000,-0.000000,1.000000,0.000000,
			21.474360,0.000000,0.000000,1.000000;;
		}
		Frame Head {
			FrameTransformMatrix {
				-0.493839,-0.822789,-0.281320,0.000000,
				-0.865921,0.494870,0.072699,0.000000,
				0.079401,0.279503,-0.956856,0.000000,
				148.885880,12.072726,-0.000000,1.000000;;
			}
			Frame UpperTeethCTRL {
				FrameTransformMatrix {
					-0.000000,0.000000,-1.000000,0.000000,
					-0.951689,0.307065,0.000000,0.000000,
					0.307065,0.951689,-0.000000,0.000000,
					34.826504,0.000000,-0.000000,1.000000;;
				}
			}
			Frame EyeCTRL {
				FrameTransformMatrix {
					0.909085,-0.416612,0.000000,0.000000,
					-0.416612,-0.909085,0.000000,0.000000,
					-0.000000,-0.000000,-1.000000,0.000000,
					8.724464,-10.207933,0.000000,1.000000;;
				}
				Frame EyeBallCTRL {
					FrameTransformMatrix {
						0.294805,-0.439048,0.848721,0.000000,
						-0.896593,-0.434269,0.086785,0.000000,
						0.330470,-0.786542,-0.521672,0.000000,
						16.846575,0.000000,-0.000000,1.000000;;
					}
				}
				Frame UppderEyeLid {
					FrameTransformMatrix {
						-0.000000,-0.745589,0.666406,0.000000,
						-0.986443,0.109359,0.122353,0.000000,
						-0.164103,-0.657372,-0.735481,0.000000,
						16.846575,0.000000,-0.000000,1.000000;;
					}
				}
				Frame LowerEyelid {
					FrameTransformMatrix {
						-0.000000,-0.853301,0.521419,0.000000,
						-0.986443,0.085567,0.140029,0.000000,
						-0.164103,-0.514351,-0.841733,0.000000,
						16.846575,0.000000,-0.000000,1.000000;;
					}
				}
			}
		}
		Frame RearLeftLeg01 {
			FrameTransformMatrix {
				-0.352909,0.196362,0.914821,0.000000,
				0.369899,0.927361,-0.056358,0.000000,
				-0.859436,0.318502,-0.399908,0.000000,
				-14.736686,30.774757,40.574268,1.000000;;
			}
			Frame RearLeftLeg02 {
				FrameTransformMatrix {
					-0.186057,-0.078873,0.979368,0.000000,
					0.432219,0.888578,0.153673,0.000000,
					-0.882366,0.451894,-0.131236,0.000000,
					14.146868,-0.000000,0.000000,1.000000;;
				}
				Frame RearLeftLeg03 {
					FrameTransformMatrix {
						0.015337,0.000024,-0.999882,0.000000,
						-0.001560,0.999999,0.000000,0.000000,
						0.999881,0.001560,0.015337,0.000000,
						28.369816,-0.000000,-0.000000,1.000000;;
					}
				}
			}
		}
		Frame FrontLeftLeg01 {
			FrameTransformMatrix {
				0.125454,-0.682606,0.719938,0.000000,
				-0.163726,0.701476,0.693631,0.000000,
				-0.978496,-0.204891,-0.023758,0.000000,
				-14.085297,-33.792656,40.574268,1.000000;;
			}
			Frame FrontLeftLeg02 {
				FrameTransformMatrix {
					-0.444095,-0.036982,0.895216,0.000000,
					-0.751458,0.559503,-0.349666,0.000000,
					-0.487945,-0.828003,-0.276263,0.000000,
					14.214923,-0.000000,0.000000,1.000000;;
				}
				Frame FrontLeftLeg03 {
					FrameTransformMatrix {
						0.015804,0.000017,-0.999875,0.000000,
						-0.001059,0.999999,0.000000,0.000000,
						0.999875,0.001059,0.015804,0.000000,
						28.391460,0.000000,0.000000,1.000000;;
					}
				}
			}
		}
		Frame RearRightLeg01 {
			FrameTransformMatrix {
				-0.661048,0.383809,-0.644753,0.000000,
				0.398411,0.907681,0.131845,0.000000,
				0.635834,-0.169721,-0.752935,0.000000,
				-14.736715,30.774792,-40.574299,1.000000;;
			}
			Frame RearRightLeg02 {
				FrameTransformMatrix {
					-0.078342,-0.057967,-0.995240,0.000000,
					0.150704,0.986147,-0.069300,0.000000,
					0.985470,-0.155416,-0.068521,0.000000,
					14.146874,-0.000000,-0.000000,1.000000;;
				}
				Frame RearRightLeg03 {
					FrameTransformMatrix {
						-0.015337,-0.000024,-0.999882,0.000000,
						0.001561,-0.999999,0.000000,0.000000,
						-0.999881,-0.001561,0.015337,0.000000,
						28.369772,-0.000000,-0.000000,1.000000;;
					}
				}
			}
		}
		Frame FrontRightLeg01 {
			FrameTransformMatrix {
				0.273120,-0.779173,-0.564176,0.000000,
				-0.356055,0.462944,-0.811731,0.000000,
				0.893661,0.422577,-0.150989,0.000000,
				-14.085325,-33.792622,-40.574299,1.000000;;
			}
			Frame FrontRightLeg02 {
				FrameTransformMatrix {
					-0.426624,-0.042227,-0.903443,0.000000,
					-0.748151,0.577761,0.326287,0.000000,
					0.508195,0.815113,-0.278079,0.000000,
					14.214938,-0.000000,0.000000,1.000000;;
				}
				Frame FrontRightLeg03 {
					FrameTransformMatrix {
						-0.015804,-0.000017,-0.999875,0.000000,
						0.001060,-0.999999,0.000000,0.000000,
						-0.999875,-0.001060,0.015804,0.000000,
						28.391462,0.000000,0.000000,1.000000;;
					}
				}
			}
		}
		Frame LockCTRL {
			FrameTransformMatrix {
				-0.129009,0.047526,0.990504,0.000000,
				-0.032989,0.998092,-0.052187,0.000000,
				-0.991094,-0.039408,-0.127195,0.000000,
				6.428379,-43.775501,0.587761,1.000000;;
			}
		}
		Frame LowerTeethCTRL {
			FrameTransformMatrix {
				-0.000000,0.000000,1.000000,0.000000,
				-0.010088,0.999949,-0.000000,0.000000,
				-0.999949,-0.010088,-0.000000,0.000000,
				13.351291,-27.430490,-0.000000,1.000000;;
			}
		}
	}
}
AnimationSet Take_001 {
	Animation {
		{Root}
		AnimationKey {
			4;
			29;
			0;16;
			0.000000,-0.929004,-0.370071,0.000000,
			0.000000,0.370071,-0.929004,0.000000,
			1.000000,0.000000,0.000000,0.000000,
			0.000000,21.143131,-36.418949,1.000000;;,
			1;16;
			0.000959,-0.931152,-0.364631,0.000000,
			0.001822,0.364632,-0.931150,0.000000,
			0.999998,0.000229,0.002046,0.000000,
			0.000000,21.143131,-36.418949,1.000000;;,
			2;16;
			0.003451,-0.936563,-0.350483,0.000000,
			0.006519,0.350498,-0.936541,0.000000,
			0.999973,0.000947,0.007315,0.000000,
			0.000000,21.143131,-36.418949,1.000000;;,
			3;16;
			0.006615,-0.943573,-0.331099,0.000000,
			0.013038,0.331160,-0.943485,0.000000,
			0.999893,0.001924,0.014493,0.000000,
			0.000000,21.143131,-36.418949,1.000000;;,
			4;16;
			0.009683,-0.950769,-0.309750,0.000000,
			0.020419,0.309888,-0.950554,0.000000,
			0.999745,0.002879,0.022414,0.000000,
			0.000000,21.143131,-36.418949,1.000000;;,
			5;16;
			0.012271,-0.956952,-0.289988,0.000000,
			0.027223,0.290222,-0.956572,0.000000,
			0.999554,0.003844,0.029612,0.000000,
			0.000000,21.143131,-36.418949,1.000000;;,
			6;16;
			0.014093,-0.961211,-0.275452,0.000000,
			0.032205,0.275773,-0.960683,0.000000,
			0.999382,0.004668,0.034842,0.000000,
			0.000000,21.143131,-36.418949,1.000000;;,
			7;16;
			0.014860,-0.962795,-0.269823,0.000000,
			0.034121,0.270184,-0.962204,0.000000,
			0.999307,0.005092,0.036866,0.000000,
			0.000000,21.143131,-36.418949,1.000000;;,
			8;16;
			0.013997,-0.960576,-0.277664,0.000000,
			0.029714,0.277968,-0.960131,0.000000,
			0.999460,0.005188,0.032433,0.000000,
			0.000000,21.143131,-36.418949,1.000000;;,
			9;16;
			0.011313,-0.954138,-0.299152,0.000000,
			0.018501,0.299320,-0.953973,0.000000,
			0.999765,0.005257,0.021039,0.000000,
			0.000000,21.143131,-36.418949,1.000000;;,
			10;16;
			0.006807,-0.943413,-0.331551,0.000000,
			0.003260,0.331578,-0.943422,0.000000,
			0.999972,0.005341,0.005332,0.000000,
			0.000000,21.143131,-36.418949,1.000000;;,
			11;16;
			0.000575,-0.928292,-0.371851,0.000000,
			-0.012846,0.371814,-0.928218,0.000000,
			0.999917,0.005311,-0.011711,0.000000,
			0.000000,21.143131,-36.418949,1.000000;;,
			12;16;
			-0.006615,-0.908948,-0.416856,0.000000,
			-0.027128,0.416875,-0.908559,0.000000,
			0.999610,0.005298,-0.027416,0.000000,
			0.000000,21.143131,-36.418949,1.000000;;,
			13;16;
			-0.013230,-0.885789,-0.463899,0.000000,
			-0.036900,0.464056,-0.885037,0.000000,
			0.999231,0.005409,-0.038825,0.000000,
			0.000000,21.143131,-36.418949,1.000000;;,
			14;16;
			-0.017352,-0.859760,-0.510403,0.000000,
			-0.039963,0.510668,-0.858849,0.000000,
			0.999050,0.005494,-0.043220,0.000000,
			0.000000,21.143131,-36.418949,1.000000;;,
			15;16;
			-0.013710,-0.821736,-0.569703,0.000000,
			-0.029713,0.569840,-0.821218,0.000000,
			0.999464,0.005669,-0.032229,0.000000,
			0.000000,21.113886,-36.387798,1.000000;;,
			16;16;
			0.002109,-0.765721,-0.643170,0.000000,
			-0.006423,0.643147,-0.765715,0.000000,
			0.999977,0.005746,-0.003562,0.000000,
			0.000000,20.960855,-36.421989,1.000000;;,
			17;16;
			0.029525,-0.696217,-0.717223,0.000000,
			0.020986,0.717810,-0.695923,0.000000,
			0.999344,0.005495,0.035804,0.000000,
			0.000000,20.864550,-36.549744,1.000000;;,
			18;16;
			0.064478,-0.621241,-0.780962,0.000000,
			0.045812,0.783609,-0.619563,0.000000,
			0.996867,0.004171,0.078986,0.000000,
			0.000000,21.003141,-36.795391,1.000000;;,
			19;16;
			0.099734,-0.552165,-0.827748,0.000000,
			0.065299,0.833734,-0.548291,0.000000,
			0.992869,0.000632,0.119208,0.000000,
			0.000000,21.549150,-37.174347,1.000000;;,
			20;16;
			0.126311,-0.502214,-0.855468,0.000000,
			0.079897,0.864724,-0.495851,0.000000,
			0.988768,-0.005718,0.149350,0.000000,
			0.000000,22.663862,-37.685730,1.000000;;,
			21;16;
			0.140848,-0.477294,-0.867383,0.000000,
			0.098551,0.878524,-0.467422,0.000000,
			0.985114,-0.019646,0.170776,0.000000,
			0.000000,25.315941,-39.254837,1.000000;;,
			22;16;
			0.144549,-0.452415,-0.880015,0.000000,
			0.126960,0.890484,-0.436943,0.000000,
			0.981319,-0.048568,0.186157,0.000000,
			0.000000,30.019766,-41.350887,1.000000;;,
			23;16;
			0.136576,-0.392045,-0.909751,0.000000,
			0.159526,0.915075,-0.370391,0.000000,
			0.977701,-0.094543,0.187518,0.000000,
			0.000000,35.761036,-41.526562,1.000000;;,
			24;16;
			0.120031,-0.260654,-0.957942,0.000000,
			0.188823,0.953298,-0.235731,0.000000,
			0.974648,-0.152586,0.163643,0.000000,
			0.000000,40.742947,-40.959385,1.000000;;,
			25;16;
			0.102787,-0.018309,-0.994535,0.000000,
			0.208719,0.977969,0.003567,0.000000,
			0.972559,-0.207945,0.104344,0.000000,
			0.000000,42.252445,-37.715908,1.000000;;,
			26;16;
			0.094868,0.361653,-0.927473,0.000000,
			0.215878,0.902031,0.373814,0.000000,
			0.971801,-0.235684,0.007501,0.000000,
			0.000000,36.725365,-26.029322,1.000000;;,
			27;16;
			0.094868,0.361653,-0.927473,0.000000,
			0.215878,0.902031,0.373814,0.000000,
			0.971801,-0.235684,0.007501,0.000000,
			0.000000,36.725365,-26.029322,1.000000;;,
			28;16;
			0.094868,0.361653,-0.927473,0.000000,
			0.215878,0.902031,0.373814,0.000000,
			0.971801,-0.235684,0.007501,0.000000,
			0.000000,36.725365,-26.029322,1.000000;;;
		}
	}
	Animation {
		{Head}
		AnimationKey {
			4;
			29;
			0;16;
			-0.382772,-0.923843,0.000000,0.000000,
			-0.923843,0.382772,-0.000000,0.000000,
			-0.000000,-0.000000,-1.000000,0.000000,
			60.937344,-2.771742,-0.000000,1.000000;;,
			1;16;
			-0.395841,-0.918318,-0.000863,0.000000,
			-0.918303,0.395840,-0.005561,0.000000,
			0.005448,-0.001409,-0.999984,0.000000,
			62.228649,-3.702169,0.145110,1.000000;;,
			2;16;
			-0.429198,-0.903202,-0.003834,0.000000,
			-0.902998,0.429185,-0.019844,0.000000,
			0.019569,-0.005055,-0.999796,0.000000,
			65.756020,-6.099701,0.519339,1.000000;;,
			3;16;
			-0.473657,-0.880660,-0.009299,0.000000,
			-0.879852,0.473636,-0.039105,0.000000,
			0.038843,-0.010340,-0.999192,0.000000,
			70.999664,-9.373717,1.031041,1.000000;;,
			4;16;
			-0.520509,-0.853687,-0.016969,0.000000,
			-0.851755,0.520519,-0.059781,0.000000,
			0.059867,-0.016663,-0.998067,0.000000,
			77.439781,-12.933596,1.588567,1.000000;;,
			5;16;
			-0.561750,-0.826917,-0.025403,0.000000,
			-0.823508,0.561846,-0.078510,0.000000,
			0.079194,-0.023183,-0.996590,0.000000,
			84.556564,-16.188715,2.100269,1.000000;;,
			6;16;
			-0.590850,-0.806161,-0.031633,0.000000,
			-0.801369,0.590970,-0.092531,0.000000,
			0.093289,-0.029323,-0.995207,0.000000,
			91.830215,-18.548452,2.474499,1.000000;;,
			7;16;
			-0.601838,-0.797972,-0.032112,0.000000,
			-0.792494,0.601710,-0.099492,0.000000,
			0.098714,-0.034430,-0.994520,0.000000,
			98.740936,-19.422188,2.619608,1.000000;;,
			8;16;
			-0.566077,-0.824245,-0.013326,0.000000,
			-0.820503,0.564920,-0.087413,0.000000,
			0.079578,-0.038549,-0.996083,0.000000,
			106.553940,-19.014555,1.359814,1.000000;;,
			9;16;
			-0.467037,-0.883931,0.023295,0.000000,
			-0.883730,0.465713,-0.046182,0.000000,
			0.029973,-0.042156,-0.998661,0.000000,
			116.154541,-18.069717,-1.889127,1.000000;;,
			10;16;
			-0.319196,-0.946080,0.055195,0.000000,
			-0.946927,0.320733,0.021441,0.000000,
			-0.037988,-0.045422,-0.998245,0.000000,
			126.453056,-16.806334,-6.331556,1.000000;;,
			11;16;
			-0.148123,-0.986827,0.065052,0.000000,
			-0.982627,0.154292,0.103140,0.000000,
			-0.111818,-0.048645,-0.992537,0.000000,
			136.359848,-15.443069,-11.171815,1.000000;;,
			12;16;
			0.011298,-0.998636,0.050983,0.000000,
			-0.983789,-0.001975,0.179318,0.000000,
			-0.178972,-0.052182,-0.982469,0.000000,
			144.785217,-14.198583,-15.614244,1.000000;;,
			13;16;
			0.125594,-0.991676,0.028375,0.000000,
			-0.965619,-0.115632,0.232829,0.000000,
			-0.227610,-0.056641,-0.972104,0.000000,
			150.639542,-13.291539,-18.863184,1.000000;;,
			14;16;
			0.168847,-0.985423,0.020803,0.000000,
			-0.954361,-0.158177,0.253327,0.000000,
			-0.246343,-0.062627,-0.967157,0.000000,
			152.833130,-12.940599,-20.122976,1.000000;;,
			15;16;
			0.140271,-0.989374,0.038244,0.000000,
			-0.960936,-0.126728,0.246054,0.000000,
			-0.238593,-0.071265,-0.968501,0.000000,
			151.996338,-14.152476,-19.699848,1.000000;;,
			16;16;
			0.060499,-0.995655,0.070792,0.000000,
			-0.974267,-0.043474,0.221163,0.000000,
			-0.217124,-0.082350,-0.972664,0.000000,
			149.752853,-17.400318,-18.533800,1.000000;;,
			17;16;
			-0.061247,-0.992249,0.108126,0.000000,
			-0.980915,0.079865,0.177280,0.000000,
			-0.184541,-0.095204,-0.978203,0.000000,
			146.503021,-22.102427,-16.779852,1.000000;;,
			18;16;
			-0.213022,-0.967266,0.137905,0.000000,
			-0.966477,0.229314,0.115490,0.000000,
			-0.143333,-0.108680,-0.983689,0.000000,
			142.647186,-27.677130,-14.593011,1.000000;;,
			19;16;
			-0.378827,-0.913331,0.149385,0.000000,
			-0.920479,0.388581,0.041509,0.000000,
			-0.095960,-0.121781,-0.987907,0.000000,
			138.585693,-33.542721,-12.128297,1.000000;;,
			20;16;
			-0.540287,-0.830308,0.136671,0.000000,
			-0.840259,0.541089,-0.034469,0.000000,
			-0.045331,-0.133462,-0.990017,0.000000,
			134.718857,-39.117535,-9.540716,1.000000;;,
			21;16;
			-0.680781,-0.725560,0.100498,0.000000,
			-0.732464,0.673225,-0.101317,0.000000,
			0.005854,-0.142586,-0.989765,0.000000,
			131.447052,-43.819866,-6.985291,1.000000;;,
			22;16;
			-0.789132,-0.612322,0.048302,0.000000,
			-0.611792,0.776581,-0.150442,0.000000,
			0.054609,-0.148269,-0.987438,0.000000,
			129.170609,-47.068039,-4.617025,1.000000;;,
			23;16;
			-0.861952,-0.506910,-0.009012,0.000000,
			-0.497373,0.848914,-0.178790,0.000000,
			0.098281,-0.149626,-0.983846,0.000000,
			128.289871,-48.280354,-2.590941,1.000000;;,
			24;16;
			-0.891521,-0.446934,-0.073756,0.000000,
			-0.428557,0.884941,-0.182259,0.000000,
			0.146727,-0.130880,-0.980480,0.000000,
			128.256973,-47.879070,-1.059428,1.000000;;,
			25;16;
			-0.890543,-0.434859,-0.133536,0.000000,
			-0.411331,0.895136,-0.171864,0.000000,
			0.194269,-0.098125,-0.976028,0.000000,
			128.224487,-45.068089,-0.286387,1.000000;;,
			26;16;
			-0.738002,-0.660556,-0.137905,0.000000,
			-0.632028,0.748237,-0.201694,0.000000,
			0.236416,-0.061691,-0.969692,0.000000,
			133.559540,-28.112057,-0.084855,1.000000;;,
			27;16;
			-0.330643,-0.941119,-0.070505,0.000000,
			-0.903057,0.337202,-0.266049,0.000000,
			0.274158,-0.024298,-0.961378,0.000000,
			143.518417,-1.670708,-0.010607,1.000000;;,
			28;16;
			-0.072123,-0.997293,-0.014284,0.000000,
			-0.954149,0.073160,-0.290255,0.000000,
			0.290514,-0.007305,-0.956843,0.000000,
			148.885880,12.072726,-0.000000,1.000000;;;
		}
	}
	Animation {
		{UpperTeethCTRL}
		AnimationKey {
			4;
			29;
			0;16;
			-0.000000,0.000000,-1.000000,0.000000,
			-0.951700,0.307029,0.000000,0.000000,
			0.307029,0.951700,-0.000000,0.000000,
			34.826504,0.000000,-0.000000,1.000000;;,
			1;16;
			-0.000000,0.000000,-1.000000,0.000000,
			-0.951700,0.307029,0.000000,0.000000,
			0.307029,0.951700,-0.000000,0.000000,
			34.826504,0.000000,-0.000000,1.000000;;,
			2;16;
			-0.000000,0.000000,-1.000000,0.000000,
			-0.951700,0.307029,0.000000,0.000000,
			0.307029,0.951700,-0.000000,0.000000,
			34.826504,0.000000,-0.000000,1.000000;;,
			3;16;
			-0.000000,0.000000,-1.000000,0.000000,
			-0.951700,0.307029,0.000000,0.000000,
			0.307029,0.951700,-0.000000,0.000000,
			34.826504,0.000000,-0.000000,1.000000;;,
			4;16;
			-0.000000,0.000000,-1.000000,0.000000,
			-0.951700,0.307029,0.000000,0.000000,
			0.307029,0.951700,-0.000000,0.000000,
			34.826504,0.000000,-0.000000,1.000000;;,
			5;16;
			-0.000000,0.000000,-1.000000,0.000000,
			-0.951700,0.307029,0.000000,0.000000,
			0.307029,0.951700,-0.000000,0.000000,
			34.826504,0.000000,-0.000000,1.000000;;,
			6;16;
			-0.000000,0.000000,-1.000000,0.000000,
			-0.951700,0.307029,0.000000,0.000000,
			0.307029,0.951700,-0.000000,0.000000,
			34.826504,0.000000,-0.000000,1.000000;;,
			7;16;
			-0.000000,0.000000,-1.000000,0.000000,
			-0.951700,0.307029,0.000000,0.000000,
			0.307029,0.951700,-0.000000,0.000000,
			34.826504,0.000000,-0.000000,1.000000;;,
			8;16;
			-0.000000,0.000000,-1.000000,0.000000,
			-0.951700,0.307029,0.000000,0.000000,
			0.307029,0.951700,-0.000000,0.000000,
			34.826504,0.000000,-0.000000,1.000000;;,
			9;16;
			-0.000000,0.000000,-1.000000,0.000000,
			-0.951700,0.307029,0.000000,0.000000,
			0.307029,0.951700,-0.000000,0.000000,
			34.826504,0.000000,-0.000000,1.000000;;,
			10;16;
			-0.000000,0.000000,-1.000000,0.000000,
			-0.951700,0.307029,0.000000,0.000000,
			0.307029,0.951700,-0.000000,0.000000,
			34.826504,0.000000,-0.000000,1.000000;;,
			11;16;
			-0.000000,0.000000,-1.000000,0.000000,
			-0.951700,0.307029,0.000000,0.000000,
			0.307029,0.951700,-0.000000,0.000000,
			34.826504,0.000000,-0.000000,1.000000;;,
			12;16;
			-0.000000,0.000000,-1.000000,0.000000,
			-0.951700,0.307029,0.000000,0.000000,
			0.307029,0.951700,-0.000000,0.000000,
			34.826504,0.000000,-0.000000,1.000000;;,
			13;16;
			-0.000000,0.000000,-1.000000,0.000000,
			-0.951700,0.307029,0.000000,0.000000,
			0.307029,0.951700,-0.000000,0.000000,
			34.826504,0.000000,-0.000000,1.000000;;,
			14;16;
			-0.000000,0.000000,-1.000000,0.000000,
			-0.951700,0.307029,0.000000,0.000000,
			0.307029,0.951700,-0.000000,0.000000,
			34.826504,0.000000,-0.000000,1.000000;;,
			15;16;
			-0.000000,0.000000,-1.000000,0.000000,
			-0.951700,0.307029,0.000000,0.000000,
			0.307029,0.951700,-0.000000,0.000000,
			34.826504,0.000000,-0.000000,1.000000;;,
			16;16;
			-0.000000,0.000000,-1.000000,0.000000,
			-0.951700,0.307029,0.000000,0.000000,
			0.307029,0.951700,-0.000000,0.000000,
			34.826504,0.000000,-0.000000,1.000000;;,
			17;16;
			-0.000000,0.000000,-1.000000,0.000000,
			-0.951700,0.307029,0.000000,0.000000,
			0.307029,0.951700,-0.000000,0.000000,
			34.826504,0.000000,-0.000000,1.000000;;,
			18;16;
			-0.000000,0.000000,-1.000000,0.000000,
			-0.951700,0.307029,0.000000,0.000000,
			0.307029,0.951700,-0.000000,0.000000,
			34.826504,0.000000,-0.000000,1.000000;;,
			19;16;
			-0.000000,0.000000,-1.000000,0.000000,
			-0.951700,0.307029,0.000000,0.000000,
			0.307029,0.951700,-0.000000,0.000000,
			34.826504,0.000000,-0.000000,1.000000;;,
			20;16;
			-0.000000,0.000000,-1.000000,0.000000,
			-0.951700,0.307029,0.000000,0.000000,
			0.307029,0.951700,-0.000000,0.000000,
			34.826504,0.000000,-0.000000,1.000000;;,
			21;16;
			-0.000000,0.000000,-1.000000,0.000000,
			-0.951700,0.307029,0.000000,0.000000,
			0.307029,0.951700,-0.000000,0.000000,
			34.826504,0.000000,-0.000000,1.000000;;,
			22;16;
			-0.000000,0.000000,-1.000000,0.000000,
			-0.951700,0.307029,0.000000,0.000000,
			0.307029,0.951700,-0.000000,0.000000,
			34.826504,0.000000,-0.000000,1.000000;;,
			23;16;
			-0.000000,0.000000,-1.000000,0.000000,
			-0.951700,0.307029,0.000000,0.000000,
			0.307029,0.951700,-0.000000,0.000000,
			34.826504,0.000000,-0.000000,1.000000;;,
			24;16;
			-0.000000,0.000000,-1.000000,0.000000,
			-0.951700,0.307029,0.000000,0.000000,
			0.307029,0.951700,-0.000000,0.000000,
			34.826504,0.000000,-0.000000,1.000000;;,
			25;16;
			-0.000000,0.000000,-1.000000,0.000000,
			-0.951700,0.307029,0.000000,0.000000,
			0.307029,0.951700,-0.000000,0.000000,
			34.826504,0.000000,-0.000000,1.000000;;,
			26;16;
			-0.000000,0.000000,-1.000000,0.000000,
			-0.951700,0.307029,0.000000,0.000000,
			0.307029,0.951700,-0.000000,0.000000,
			34.826504,0.000000,-0.000000,1.000000;;,
			27;16;
			-0.000000,0.000000,-1.000000,0.000000,
			-0.951700,0.307029,0.000000,0.000000,
			0.307029,0.951700,-0.000000,0.000000,
			34.826504,0.000000,-0.000000,1.000000;;,
			28;16;
			-0.000000,0.000000,-1.000000,0.000000,
			-0.951700,0.307029,0.000000,0.000000,
			0.307029,0.951700,-0.000000,0.000000,
			34.826504,0.000000,-0.000000,1.000000;;;
		}
	}
	Animation {
		{EyeCTRL}
		AnimationKey {
			4;
			29;
			0;16;
			0.865706,-0.500553,-0.000000,0.000000,
			-0.500553,-0.865706,-0.000000,0.000000,
			0.000000,0.000000,-1.000000,0.000000,
			8.724464,-10.207933,0.000000,1.000000;;,
			1;16;
			0.865706,-0.500553,-0.000000,0.000000,
			-0.500553,-0.865706,-0.000000,0.000000,
			0.000000,0.000000,-1.000000,0.000000,
			8.724464,-10.207933,0.000000,1.000000;;,
			2;16;
			0.865706,-0.500553,-0.000000,0.000000,
			-0.500553,-0.865706,-0.000000,0.000000,
			0.000000,0.000000,-1.000000,0.000000,
			8.724464,-10.207933,0.000000,1.000000;;,
			3;16;
			0.865706,-0.500553,-0.000000,0.000000,
			-0.500553,-0.865706,-0.000000,0.000000,
			0.000000,0.000000,-1.000000,0.000000,
			8.724464,-10.207933,0.000000,1.000000;;,
			4;16;
			0.865706,-0.500553,-0.000000,0.000000,
			-0.500553,-0.865706,-0.000000,0.000000,
			0.000000,0.000000,-1.000000,0.000000,
			8.724464,-10.207933,0.000000,1.000000;;,
			5;16;
			0.865706,-0.500553,-0.000000,0.000000,
			-0.500553,-0.865706,-0.000000,0.000000,
			0.000000,0.000000,-1.000000,0.000000,
			8.724464,-10.207933,0.000000,1.000000;;,
			6;16;
			0.865706,-0.500553,-0.000000,0.000000,
			-0.500553,-0.865706,-0.000000,0.000000,
			0.000000,0.000000,-1.000000,0.000000,
			8.724464,-10.207933,0.000000,1.000000;;,
			7;16;
			0.865706,-0.500553,-0.000000,0.000000,
			-0.500553,-0.865706,-0.000000,0.000000,
			0.000000,0.000000,-1.000000,0.000000,
			8.724464,-10.207933,0.000000,1.000000;;,
			8;16;
			0.865706,-0.500553,-0.000000,0.000000,
			-0.500553,-0.865706,-0.000000,0.000000,
			0.000000,0.000000,-1.000000,0.000000,
			8.724464,-10.207933,0.000000,1.000000;;,
			9;16;
			0.865706,-0.500553,-0.000000,0.000000,
			-0.500553,-0.865706,-0.000000,0.000000,
			0.000000,0.000000,-1.000000,0.000000,
			8.724464,-10.207933,0.000000,1.000000;;,
			10;16;
			0.865706,-0.500553,-0.000000,0.000000,
			-0.500553,-0.865706,-0.000000,0.000000,
			0.000000,0.000000,-1.000000,0.000000,
			8.724464,-10.207933,0.000000,1.000000;;,
			11;16;
			0.865706,-0.500553,-0.000000,0.000000,
			-0.500553,-0.865706,-0.000000,0.000000,
			0.000000,0.000000,-1.000000,0.000000,
			8.724464,-10.207933,0.000000,1.000000;;,
			12;16;
			0.865706,-0.500553,-0.000000,0.000000,
			-0.500553,-0.865706,-0.000000,0.000000,
			0.000000,0.000000,-1.000000,0.000000,
			8.724464,-10.207933,0.000000,1.000000;;,
			13;16;
			0.865706,-0.500553,-0.000000,0.000000,
			-0.500553,-0.865706,-0.000000,0.000000,
			0.000000,0.000000,-1.000000,0.000000,
			8.724464,-10.207933,0.000000,1.000000;;,
			14;16;
			0.865706,-0.500553,-0.000000,0.000000,
			-0.500553,-0.865706,-0.000000,0.000000,
			0.000000,0.000000,-1.000000,0.000000,
			8.724464,-10.207933,0.000000,1.000000;;,
			15;16;
			0.865706,-0.500553,-0.000000,0.000000,
			-0.500553,-0.865706,-0.000000,0.000000,
			0.000000,0.000000,-1.000000,0.000000,
			8.724464,-10.207933,0.000000,1.000000;;,
			16;16;
			0.865706,-0.500553,-0.000000,0.000000,
			-0.500553,-0.865706,-0.000000,0.000000,
			0.000000,0.000000,-1.000000,0.000000,
			8.724464,-10.207933,0.000000,1.000000;;,
			17;16;
			0.865706,-0.500553,-0.000000,0.000000,
			-0.500553,-0.865706,-0.000000,0.000000,
			0.000000,0.000000,-1.000000,0.000000,
			8.724464,-10.207933,0.000000,1.000000;;,
			18;16;
			0.865706,-0.500553,-0.000000,0.000000,
			-0.500553,-0.865706,-0.000000,0.000000,
			0.000000,0.000000,-1.000000,0.000000,
			8.724464,-10.207933,0.000000,1.000000;;,
			19;16;
			0.865706,-0.500553,-0.000000,0.000000,
			-0.500553,-0.865706,-0.000000,0.000000,
			0.000000,0.000000,-1.000000,0.000000,
			8.724464,-10.207933,0.000000,1.000000;;,
			20;16;
			0.865706,-0.500553,-0.000000,0.000000,
			-0.500553,-0.865706,-0.000000,0.000000,
			0.000000,0.000000,-1.000000,0.000000,
			8.724464,-10.207933,0.000000,1.000000;;,
			21;16;
			0.865706,-0.500553,-0.000000,0.000000,
			-0.500553,-0.865706,-0.000000,0.000000,
			0.000000,0.000000,-1.000000,0.000000,
			8.724464,-10.207933,0.000000,1.000000;;,
			22;16;
			0.865706,-0.500553,-0.000000,0.000000,
			-0.500553,-0.865706,-0.000000,0.000000,
			0.000000,0.000000,-1.000000,0.000000,
			8.724464,-10.207933,0.000000,1.000000;;,
			23;16;
			0.865706,-0.500553,-0.000000,0.000000,
			-0.500553,-0.865706,-0.000000,0.000000,
			0.000000,0.000000,-1.000000,0.000000,
			8.724464,-10.207933,0.000000,1.000000;;,
			24;16;
			0.865706,-0.500553,-0.000000,0.000000,
			-0.500553,-0.865706,-0.000000,0.000000,
			0.000000,0.000000,-1.000000,0.000000,
			8.724464,-10.207933,0.000000,1.000000;;,
			25;16;
			0.865706,-0.500553,-0.000000,0.000000,
			-0.500553,-0.865706,-0.000000,0.000000,
			0.000000,0.000000,-1.000000,0.000000,
			8.724464,-10.207933,0.000000,1.000000;;,
			26;16;
			0.865706,-0.500553,-0.000000,0.000000,
			-0.500553,-0.865706,-0.000000,0.000000,
			0.000000,0.000000,-1.000000,0.000000,
			8.724464,-10.207933,0.000000,1.000000;;,
			27;16;
			0.865706,-0.500553,-0.000000,0.000000,
			-0.500553,-0.865706,-0.000000,0.000000,
			0.000000,0.000000,-1.000000,0.000000,
			8.724464,-10.207933,0.000000,1.000000;;,
			28;16;
			0.865706,-0.500553,-0.000000,0.000000,
			-0.500553,-0.865706,-0.000000,0.000000,
			0.000000,0.000000,-1.000000,0.000000,
			8.724464,-10.207933,0.000000,1.000000;;;
		}
	}
	Animation {
		{EyeBallCTRL}
		AnimationKey {
			4;
			29;
			0;16;
			0.000000,0.000000,1.000000,0.000000,
			-0.986450,0.164062,0.000000,0.000000,
			-0.164062,-0.986450,0.000000,0.000000,
			16.846575,0.000000,-0.000000,1.000000;;,
			1;16;
			0.005296,-0.000881,0.999986,0.000000,
			-0.987333,0.158572,0.005368,0.000000,
			-0.158574,-0.987347,-0.000030,0.000000,
			16.846575,0.000000,-0.000000,1.000000;;,
			2;16;
			0.020426,-0.003397,0.999786,0.000000,
			-0.989493,0.143091,0.020702,0.000000,
			-0.143130,-0.989704,-0.000439,0.000000,
			16.846575,0.000000,-0.000000,1.000000;;,
			3;16;
			0.044718,-0.007437,0.998972,0.000000,
			-0.991883,0.118816,0.045285,0.000000,
			-0.119031,-0.992888,-0.002064,0.000000,
			16.846575,0.000000,-0.000000,1.000000;;,
			4;16;
			0.077471,-0.012885,0.996911,0.000000,
			-0.993125,0.087011,0.078302,0.000000,
			-0.087751,-0.996124,-0.006055,0.000000,
			16.846575,0.000000,-0.000000,1.000000;;,
			5;16;
			0.117560,-0.019552,0.992873,0.000000,
			-0.991759,0.048959,0.118392,0.000000,
			-0.050925,-0.998609,-0.013635,0.000000,
			16.846575,0.000000,-0.000000,1.000000;;,
			6;16;
			0.163145,-0.027133,0.986229,0.000000,
			-0.986540,0.006684,0.163380,0.000000,
			-0.011025,-0.999609,-0.025678,0.000000,
			16.846575,0.000000,-0.000000,1.000000;;,
			7;16;
			0.211886,-0.035240,0.976659,0.000000,
			-0.976850,-0.037783,0.210564,0.000000,
			0.029481,-0.998664,-0.042430,0.000000,
			16.846575,0.000000,-0.000000,1.000000;;,
			8;16;
			0.260910,-0.043393,0.964387,0.000000,
			-0.962962,-0.082106,0.256830,0.000000,
			0.068037,-0.995678,-0.063209,0.000000,
			16.846575,0.000000,-0.000000,1.000000;;,
			9;16;
			0.307545,-0.051149,0.950158,0.000000,
			-0.945998,-0.123984,0.299524,0.000000,
			0.102484,-0.990965,-0.086518,0.000000,
			16.846575,0.000000,-0.000000,1.000000;;,
			10;16;
			0.349188,-0.058075,0.935251,0.000000,
			-0.927808,-0.161281,0.336394,0.000000,
			0.131302,-0.985198,-0.110200,0.000000,
			16.846575,0.000000,-0.000000,1.000000;;,
			11;16;
			0.383867,-0.063843,0.921179,0.000000,
			-0.910483,-0.192377,0.366077,0.000000,
			0.153842,-0.979242,-0.131975,0.000000,
			16.846575,0.000000,-0.000000,1.000000;;,
			12;16;
			0.410013,-0.068191,0.909527,0.000000,
			-0.896113,-0.215892,0.387779,0.000000,
			0.169916,-0.974033,-0.149626,0.000000,
			16.846575,0.000000,-0.000000,1.000000;;,
			13;16;
			0.426543,-0.070941,0.901681,0.000000,
			-0.886465,-0.230699,0.401195,0.000000,
			0.179556,-0.970436,-0.161289,0.000000,
			16.846575,0.000000,-0.000000,1.000000;;,
			14;16;
			0.432333,-0.071904,0.898843,0.000000,
			-0.882967,-0.235965,0.405820,0.000000,
			0.182915,-0.969098,-0.165504,0.000000,
			16.846575,0.000000,-0.000000,1.000000;;,
			15;16;
			0.359866,-0.059851,0.931082,0.000000,
			-0.918425,-0.198451,0.342217,0.000000,
			0.164292,-0.978282,-0.126385,0.000000,
			16.846575,0.000000,-0.000000,1.000000;;,
			16;16;
			0.162305,-0.026994,0.986371,0.000000,
			-0.982167,-0.100558,0.158862,0.000000,
			0.094899,-0.994565,-0.042834,0.000000,
			16.846575,0.000000,-0.000000,1.000000;;,
			17;16;
			-0.067002,0.011143,0.997691,0.000000,
			-0.997381,0.026562,-0.067278,0.000000,
			-0.027250,-0.999585,0.009335,0.000000,
			16.846575,0.000000,-0.000000,1.000000;;,
			18;16;
			-0.320813,0.053356,0.945638,0.000000,
			-0.934958,0.141794,-0.325190,0.000000,
			-0.151437,-0.988457,0.004396,0.000000,
			16.846575,0.000000,-0.000000,1.000000;;,
			19;16;
			-0.496062,0.082503,0.864359,0.000000,
			-0.834352,0.230291,-0.500822,0.000000,
			-0.240374,-0.969618,-0.045402,0.000000,
			16.846575,0.000000,-0.000000,1.000000;;,
			20;16;
			-0.549928,0.091462,0.830189,0.000000,
			-0.787961,0.272774,-0.552007,0.000000,
			-0.276942,-0.957721,-0.077938,0.000000,
			16.846575,0.000000,-0.000000,1.000000;;,
			21;16;
			-0.549928,0.091462,0.830189,0.000000,
			-0.800509,0.225824,-0.555147,0.000000,
			-0.238252,-0.969865,-0.050971,0.000000,
			16.846575,0.000000,-0.000000,1.000000;;,
			22;16;
			-0.549928,0.091462,0.830189,0.000000,
			-0.821346,0.121150,-0.557417,0.000000,
			-0.151560,-0.988412,0.008498,0.000000,
			16.846575,0.000000,-0.000000,1.000000;;,
			23;16;
			-0.549928,0.091462,0.830189,0.000000,
			-0.834437,-0.017365,-0.550829,0.000000,
			-0.035964,-0.995657,0.085868,0.000000,
			16.846575,0.000000,-0.000000,1.000000;;,
			24;16;
			-0.549928,0.091462,0.830189,0.000000,
			-0.829656,-0.174279,-0.530375,0.000000,
			0.096175,-0.980440,0.171722,0.000000,
			16.846575,0.000000,-0.000000,1.000000;;,
			25;16;
			-0.549928,0.091462,0.830189,0.000000,
			-0.809185,-0.304550,-0.502463,0.000000,
			0.206878,-0.948095,0.241490,0.000000,
			16.846575,0.000000,-0.000000,1.000000;;,
			26;16;
			-0.549928,0.091462,0.830189,0.000000,
			-0.790024,-0.379482,-0.481515,0.000000,
			0.271001,-0.920667,0.280944,0.000000,
			16.846575,0.000000,-0.000000,1.000000;;,
			27;16;
			-0.549928,0.091462,0.830189,0.000000,
			-0.782493,-0.403970,-0.473828,0.000000,
			0.292034,-0.910189,0.293722,0.000000,
			16.846575,0.000000,-0.000000,1.000000;;,
			28;16;
			-0.549928,0.091462,0.830189,0.000000,
			-0.781819,-0.406063,-0.473151,0.000000,
			0.293834,-0.909257,0.294812,0.000000,
			16.846575,0.000000,-0.000000,1.000000;;;
		}
	}
	Animation {
		{UppderEyeLid}
		AnimationKey {
			4;
			29;
			0;16;
			0.000000,0.000000,1.000000,0.000000,
			-0.999250,0.038723,0.000000,0.000000,
			-0.038723,-0.999250,0.000000,0.000000,
			16.846575,0.000000,-0.000000,1.000000;;,
			1;16;
			0.000000,0.000000,1.000000,0.000000,
			-0.999553,0.029908,0.000000,0.000000,
			-0.029908,-0.999553,0.000000,0.000000,
			16.846575,0.000000,-0.000000,1.000000;;,
			2;16;
			0.000000,0.000000,1.000000,0.000000,
			-0.999991,0.004218,0.000000,0.000000,
			-0.004218,-0.999991,0.000000,0.000000,
			16.846575,0.000000,-0.000000,1.000000;;,
			3;16;
			0.000000,0.000000,1.000000,0.000000,
			-0.999312,-0.037095,0.000000,0.000000,
			0.037095,-0.999312,0.000000,0.000000,
			16.846575,0.000000,-0.000000,1.000000;;,
			4;16;
			0.000000,0.000000,1.000000,0.000000,
			-0.995679,-0.092864,0.000000,0.000000,
			0.092864,-0.995679,0.000000,0.000000,
			16.846575,0.000000,-0.000000,1.000000;;,
			5;16;
			0.000000,0.000000,1.000000,0.000000,
			-0.987026,-0.160562,0.000000,0.000000,
			0.160562,-0.987026,0.000000,0.000000,
			16.846575,0.000000,-0.000000,1.000000;;,
			6;16;
			0.000000,0.000000,1.000000,0.000000,
			-0.971663,-0.236372,0.000000,0.000000,
			0.236372,-0.971663,0.000000,0.000000,
			16.846575,0.000000,-0.000000,1.000000;;,
			7;16;
			0.000000,0.000000,1.000000,0.000000,
			-0.948955,-0.315411,0.000000,0.000000,
			0.315411,-0.948955,0.000000,0.000000,
			16.846575,0.000000,-0.000000,1.000000;;,
			8;16;
			0.000000,0.000000,1.000000,0.000000,
			-0.919943,-0.392053,0.000000,0.000000,
			0.392053,-0.919943,0.000000,0.000000,
			16.846575,0.000000,-0.000000,1.000000;;,
			9;16;
			0.000000,0.000000,1.000000,0.000000,
			-0.887109,-0.461560,0.000000,0.000000,
			0.461560,-0.887109,0.000000,0.000000,
			16.846575,0.000000,-0.000000,1.000000;;,
			10;16;
			0.000000,0.000000,1.000000,0.000000,
			-0.853910,-0.520421,0.000000,0.000000,
			0.520421,-0.853910,0.000000,0.000000,
			16.846575,0.000000,-0.000000,1.000000;;,
			11;16;
			0.000000,0.000000,1.000000,0.000000,
			-0.824046,-0.566522,0.000000,0.000000,
			0.566522,-0.824046,0.000000,0.000000,
			16.846575,0.000000,-0.000000,1.000000;;,
			12;16;
			0.000000,0.000000,1.000000,0.000000,
			-0.800400,-0.599466,0.000000,0.000000,
			0.599466,-0.800400,0.000000,0.000000,
			16.846575,0.000000,-0.000000,1.000000;;,
			13;16;
			0.000000,0.000000,1.000000,0.000000,
			-0.785091,-0.619380,0.000000,0.000000,
			0.619380,-0.785091,0.000000,0.000000,
			16.846575,0.000000,-0.000000,1.000000;;,
			14;16;
			0.000000,0.000000,1.000000,0.000000,
			-0.779718,-0.626131,0.000000,0.000000,
			0.626131,-0.779718,0.000000,0.000000,
			16.846575,0.000000,-0.000000,1.000000;;,
			15;16;
			0.000000,0.000000,1.000000,0.000000,
			-0.779718,-0.626131,0.000000,0.000000,
			0.626131,-0.779718,0.000000,0.000000,
			16.846575,0.000000,-0.000000,1.000000;;,
			16;16;
			0.000000,0.000000,1.000000,0.000000,
			-0.779718,-0.626131,0.000000,0.000000,
			0.626131,-0.779718,0.000000,0.000000,
			16.846575,0.000000,-0.000000,1.000000;;,
			17;16;
			0.000000,0.000000,1.000000,0.000000,
			-0.779718,-0.626131,0.000000,0.000000,
			0.626131,-0.779718,0.000000,0.000000,
			16.846575,0.000000,-0.000000,1.000000;;,
			18;16;
			0.000000,0.000000,1.000000,0.000000,
			-0.779718,-0.626131,0.000000,0.000000,
			0.626131,-0.779718,0.000000,0.000000,
			16.846575,0.000000,-0.000000,1.000000;;,
			19;16;
			0.000000,0.000000,1.000000,0.000000,
			-0.779718,-0.626131,0.000000,0.000000,
			0.626131,-0.779718,0.000000,0.000000,
			16.846575,0.000000,-0.000000,1.000000;;,
			20;16;
			0.000000,0.000000,1.000000,0.000000,
			-0.779718,-0.626131,0.000000,0.000000,
			0.626131,-0.779718,0.000000,0.000000,
			16.846575,0.000000,-0.000000,1.000000;;,
			21;16;
			0.000000,0.000000,1.000000,0.000000,
			-0.779718,-0.626131,0.000000,0.000000,
			0.626131,-0.779718,0.000000,0.000000,
			16.846575,0.000000,-0.000000,1.000000;;,
			22;16;
			0.000000,0.000000,1.000000,0.000000,
			-0.779718,-0.626131,0.000000,0.000000,
			0.626131,-0.779718,0.000000,0.000000,
			16.846575,0.000000,-0.000000,1.000000;;,
			23;16;
			0.000000,0.000000,1.000000,0.000000,
			-0.779718,-0.626131,0.000000,0.000000,
			0.626131,-0.779718,0.000000,0.000000,
			16.846575,0.000000,-0.000000,1.000000;;,
			24;16;
			0.000000,0.000000,1.000000,0.000000,
			-0.779718,-0.626131,0.000000,0.000000,
			0.626131,-0.779718,0.000000,0.000000,
			16.846575,0.000000,-0.000000,1.000000;;,
			25;16;
			0.000000,0.000000,1.000000,0.000000,
			-0.779718,-0.626131,0.000000,0.000000,
			0.626131,-0.779718,0.000000,0.000000,
			16.846575,0.000000,-0.000000,1.000000;;,
			26;16;
			0.000000,0.000000,1.000000,0.000000,
			-0.779718,-0.626131,0.000000,0.000000,
			0.626131,-0.779718,0.000000,0.000000,
			16.846575,0.000000,-0.000000,1.000000;;,
			27;16;
			0.000000,0.000000,1.000000,0.000000,
			-0.779718,-0.626131,0.000000,0.000000,
			0.626131,-0.779718,0.000000,0.000000,
			16.846575,0.000000,-0.000000,1.000000;;,
			28;16;
			0.000000,0.000000,1.000000,0.000000,
			-0.779718,-0.626131,0.000000,0.000000,
			0.626131,-0.779718,0.000000,0.000000,
			16.846575,0.000000,-0.000000,1.000000;;;
		}
	}
	Animation {
		{LowerEyelid}
		AnimationKey {
			4;
			29;
			0;16;
			0.000000,0.000000,1.000000,0.000000,
			-0.986450,0.164062,0.000000,0.000000,
			-0.164062,-0.986450,0.000000,0.000000,
			16.846575,0.000000,-0.000000,1.000000;;,
			1;16;
			0.000000,0.000000,1.000000,0.000000,
			-0.986466,0.163967,0.000000,0.000000,
			-0.163967,-0.986466,0.000000,0.000000,
			16.846575,0.000000,-0.000000,1.000000;;,
			2;16;
			0.000000,0.000000,1.000000,0.000000,
			-0.986513,0.163684,0.000000,0.000000,
			-0.163684,-0.986513,0.000000,0.000000,
			16.846575,0.000000,-0.000000,1.000000;;,
			3;16;
			0.000000,0.000000,1.000000,0.000000,
			-0.986576,0.163305,0.000000,0.000000,
			-0.163305,-0.986576,0.000000,0.000000,
			16.846575,0.000000,-0.000000,1.000000;;,
			4;16;
			0.000000,0.000000,1.000000,0.000000,
			-0.986654,0.162832,0.000000,0.000000,
			-0.162832,-0.986654,0.000000,0.000000,
			16.846575,0.000000,-0.000000,1.000000;;,
			5;16;
			0.000000,0.000000,1.000000,0.000000,
			-0.986747,0.162265,0.000000,0.000000,
			-0.162265,-0.986747,0.000000,0.000000,
			16.846575,0.000000,-0.000000,1.000000;;,
			6;16;
			0.000000,0.000000,1.000000,0.000000,
			-0.986856,0.161602,0.000000,0.000000,
			-0.161602,-0.986856,0.000000,0.000000,
			16.846575,0.000000,-0.000000,1.000000;;,
			7;16;
			0.000000,0.000000,1.000000,0.000000,
			-0.986964,0.160940,0.000000,0.000000,
			-0.160940,-0.986964,0.000000,0.000000,
			16.846575,0.000000,-0.000000,1.000000;;,
			8;16;
			0.000000,0.000000,1.000000,0.000000,
			-0.987072,0.160278,0.000000,0.000000,
			-0.160278,-0.987072,0.000000,0.000000,
			16.846575,0.000000,-0.000000,1.000000;;,
			9;16;
			0.000000,0.000000,1.000000,0.000000,
			-0.987179,0.159615,0.000000,0.000000,
			-0.159615,-0.987179,0.000000,0.000000,
			16.846575,0.000000,-0.000000,1.000000;;,
			10;16;
			0.000000,0.000000,1.000000,0.000000,
			-0.987271,0.159047,0.000000,0.000000,
			-0.159047,-0.987271,0.000000,0.000000,
			16.846575,0.000000,-0.000000,1.000000;;,
			11;16;
			0.000000,0.000000,1.000000,0.000000,
			-0.987362,0.158479,0.000000,0.000000,
			-0.158479,-0.987362,0.000000,0.000000,
			16.846575,0.000000,-0.000000,1.000000;;,
			12;16;
			0.000000,0.000000,1.000000,0.000000,
			-0.987423,0.158101,0.000000,0.000000,
			-0.158101,-0.987423,0.000000,0.000000,
			16.846575,0.000000,-0.000000,1.000000;;,
			13;16;
			0.000000,0.000000,1.000000,0.000000,
			-0.987468,0.157817,0.000000,0.000000,
			-0.157817,-0.987468,0.000000,0.000000,
			16.846575,0.000000,-0.000000,1.000000;;,
			14;16;
			0.000000,0.000000,1.000000,0.000000,
			-0.987484,0.157722,0.000000,0.000000,
			-0.157722,-0.987484,0.000000,0.000000,
			16.846575,0.000000,-0.000000,1.000000;;,
			15;16;
			0.000000,0.000000,1.000000,0.000000,
			-0.987484,0.157722,0.000000,0.000000,
			-0.157722,-0.987484,0.000000,0.000000,
			16.846575,0.000000,-0.000000,1.000000;;,
			16;16;
			0.000000,0.000000,1.000000,0.000000,
			-0.987484,0.157722,0.000000,0.000000,
			-0.157722,-0.987484,0.000000,0.000000,
