xof 0303txt 0032
Frame ChestMesh {
	FrameTransformMatrix {
		1.000000,0.000000,0.000000,0.000000,
		0.000000,1.000000,0.000000,0.000000,
		0.000000,0.000000,1.000000,0.000000,
		0.000000,0.000000,0.000000,1.000000;;
	}
}
Frame Root {
	FrameTransformMatrix {
		0.040313,-0.881453,-0.470548,0.000000,
		0.020845,0.471570,-0.881582,0.000000,
		0.998970,0.025731,0.037385,0.000000,
		0.000000,21.143131,-36.418949,1.000000;;
	}
	Frame Body {
		FrameTransformMatrix {
			0.408029,0.912969,0.000000,0.000000,
			-0.912969,0.408029,0.000000,0.000000,
			-0.000000,-0.000000,1.000000,0.000000,
			21.474360,0.000000,0.000000,1.000000;;
		}
		Frame Head {
			FrameTransformMatrix {
				-0.548632,-0.818984,-0.168133,0.000000,
				-0.833112,0.552411,0.027694,0.000000,
				0.070198,0.155267,-0.985375,0.000000,
				60.937344,-2.771742,-0.000000,1.000000;;
			}
			Frame UpperTeethCTRL {
				FrameTransformMatrix {
					-0.000000,0.000000,-1.000000,0.000000,
					-0.951689,0.307065,0.000000,0.000000,
					0.307065,0.951689,-0.000000,0.000000,
					34.826504,0.000000,-0.000000,1.000000;;
				}
			}
			Frame EyeCTRL {
				FrameTransformMatrix {
					0.909085,-0.416612,0.000000,0.000000,
					-0.416612,-0.909085,0.000000,0.000000,
					-0.000000,-0.000000,-1.000000,0.000000,
					8.724464,-10.207933,0.000000,1.000000;;
				}
				Frame EyeBallCTRL {
					FrameTransformMatrix {
						-0.110717,0.197887,0.973952,0.000000,
						-0.938902,-0.342166,-0.037211,0.000000,
						0.325889,-0.918566,0.223680,0.000000,
						16.846575,0.000000,-0.000000,1.000000;;
					}
				}
				Frame UppderEyeLid {
					FrameTransformMatrix {
						-0.000000,-0.125701,0.992068,0.000000,
						-0.986443,0.162802,0.020628,0.000000,
						-0.164103,-0.978619,-0.123997,0.000000,
						16.846575,0.000000,-0.000000,1.000000;;
					}
				}
				Frame LowerEyelid {
					FrameTransformMatrix {
						-0.000000,0.000000,1.000000,0.000000,
						-0.986443,0.164103,-0.000000,0.000000,
						-0.164103,-0.986443,-0.000000,0.000000,
						16.846575,0.000000,-0.000000,1.000000;;
					}
				}
			}
		}
		Frame RearLeftLeg01 {
			FrameTransformMatrix {
				0.237753,0.611621,0.754581,0.000000,
				0.034374,0.771073,-0.635819,0.000000,
				-0.970717,0.177106,0.162301,0.000000,
				-14.736686,30.774757,40.574268,1.000000;;
			}
			Frame RearLeftLeg02 {
				FrameTransformMatrix {
					-0.258574,-0.054556,0.964450,0.000000,
					0.577351,0.791729,0.199577,0.000000,
					-0.774471,0.608432,-0.173222,0.000000,
					14.146868,-0.000000,0.000000,1.000000;;
				}
				Frame RearLeftLeg03 {
					FrameTransformMatrix {
						0.015337,0.000024,-0.999882,0.000000,
						-0.001560,0.999999,0.000000,0.000000,
						0.999881,0.001560,0.015337,0.000000,
						28.369816,-0.000000,-0.000000,1.000000;;
					}
				}
			}
		}
		Frame FrontLeftLeg01 {
			FrameTransformMatrix {
				0.113972,-0.545959,0.830023,0.000000,
				-0.159391,0.814596,0.557698,0.000000,
				-0.980614,-0.195860,0.005820,0.000000,
				-14.085297,-33.792656,40.574268,1.000000;;
			}
			Frame FrontLeftLeg02 {
				FrameTransformMatrix {
					-0.209086,0.091897,0.973570,0.000000,
					-0.504698,0.842594,-0.187924,0.000000,
					-0.837594,-0.530651,-0.129795,0.000000,
					14.214923,-0.000000,0.000000,1.000000;;
				}
				Frame FrontLeftLeg03 {
					FrameTransformMatrix {
						0.015804,0.000017,-0.999875,0.000000,
						-0.001059,0.999999,0.000000,0.000000,
						0.999875,0.001059,0.015804,0.000000,
						28.391460,0.000000,0.000000,1.000000;;
					}
				}
			}
		}
		Frame RearRightLeg01 {
			FrameTransformMatrix {
				-0.315852,0.566627,-0.761033,0.000000,
				0.291628,0.821243,0.490422,0.000000,
				0.902879,-0.067037,-0.424635,0.000000,
				-14.736715,30.774792,-40.574299,1.000000;;
			}
			Frame RearRightLeg02 {
				FrameTransformMatrix {
					-0.068782,-0.053648,-0.996188,0.000000,
					0.121816,0.990629,-0.061760,0.000000,
					0.990167,-0.125600,-0.061602,0.000000,
					14.146874,-0.000000,-0.000000,1.000000;;
				}
				Frame RearRightLeg03 {
					FrameTransformMatrix {
						-0.015337,-0.000024,-0.999882,0.000000,
						0.001561,-0.999999,0.000000,0.000000,
						-0.999881,-0.001561,0.015337,0.000000,
						28.369772,-0.000000,-0.000000,1.000000;;
					}
				}
			}
		}
		Frame FrontRightLeg01 {
			FrameTransformMatrix {
				-0.463085,-0.473903,-0.748978,0.000000,
				-0.336487,0.875784,-0.346092,0.000000,
				0.819957,0.091751,-0.565024,0.000000,
				-14.085325,-33.792622,-40.574299,1.000000;;
			}
			Frame FrontRightLeg02 {
				FrameTransformMatrix {
					-0.011532,0.031999,-0.999421,0.000000,
					0.022909,0.999234,0.031729,0.000000,
					0.999671,-0.022529,-0.012257,0.000000,
					14.214938,-0.000000,0.000000,1.000000;;
				}
				Frame FrontRightLeg03 {
					FrameTransformMatrix {
						-0.015804,-0.000017,-0.999875,0.000000,
						0.001060,-0.999999,0.000000,0.000000,
						-0.999875,-0.001060,0.015804,0.000000,
						28.391462,0.000000,0.000000,1.000000;;
					}
				}
			}
		}
		Frame LockCTRL {
			FrameTransformMatrix {
				0.215501,-0.000000,0.976504,0.000000,
				-0.009851,0.999949,0.002174,0.000000,
				-0.976454,-0.010088,0.215490,0.000000,
				10.207417,-45.630051,-0.000000,1.000000;;
			}
		}
		Frame LowerTeethCTRL {
			FrameTransformMatrix {
				-0.000000,0.000000,1.000000,0.000000,
				-0.010088,0.999949,-0.000000,0.000000,
				-0.999949,-0.010088,-0.000000,0.000000,
				13.351291,-27.430490,-0.000000,1.000000;;
			}
		}
	}
}
AnimationSet Take_001 {
	Animation {
		{Root}
		AnimationKey {
			4;
			41;
			0;16;
			0.000000,-0.961544,-0.274650,0.000000,
			0.000000,0.274650,-0.961544,0.000000,
			1.000000,0.000000,0.000000,0.000000,
			0.000000,21.143131,-36.418949,1.000000;;,
			1;16;
			0.003643,-0.961009,-0.276492,0.000000,
			0.012559,0.276516,-0.960927,0.000000,
			0.999915,0.000028,0.013077,0.000000,
			0.000000,21.143131,-36.418949,1.000000;;,
			2;16;
			0.007286,-0.959384,-0.282010,0.000000,
			0.024924,0.282104,-0.959060,0.000000,
			0.999663,-0.000041,0.025967,0.000000,
			0.000000,21.143131,-36.418949,1.000000;;,
			3;16;
			0.011217,-0.956797,-0.290542,0.000000,
			0.036901,0.290758,-0.956085,0.000000,
			0.999256,0.000003,0.038568,0.000000,
			0.000000,21.143131,-36.418949,1.000000;;,
			4;16;
			0.015243,-0.953224,-0.301880,0.000000,
			0.048009,0.302264,-0.952015,0.000000,
			0.998731,0.000019,0.050371,0.000000,
			0.000000,21.143131,-36.418949,1.000000;;,
			5;16;
			0.019269,-0.948749,-0.315443,0.000000,
			0.057960,0.316031,-0.946977,0.000000,
			0.998133,-0.000036,0.061079,0.000000,
			0.000000,21.143131,-36.418949,1.000000;;,
			6;16;
			0.023391,-0.943399,-0.330835,0.000000,
			0.066565,0.331661,-0.941047,0.000000,
			0.997508,-0.000010,0.070555,0.000000,
			0.000000,21.143131,-36.418949,1.000000;;,
			7;16;
			0.027321,-0.937189,-0.347750,0.000000,
			0.073537,0.348821,-0.934300,0.000000,
			0.996918,-0.000047,0.078448,0.000000,
			0.000000,21.143131,-36.418949,1.000000;;,
			8;16;
			0.030962,-0.930215,-0.365705,0.000000,
			0.078593,0.367014,-0.926889,0.000000,
			0.996426,-0.000044,0.084472,0.000000,
			0.000000,21.143131,-36.418949,1.000000;;,
			9;16;
			0.034028,-0.922572,-0.384320,0.000000,
			0.081451,0.385824,-0.918970,0.000000,
			0.996096,-0.000032,0.088273,0.000000,
			0.000000,21.143131,-36.418949,1.000000;;,
			10;16;
			0.036232,-0.914384,-0.403223,0.000000,
			0.081922,0.404847,-0.910707,0.000000,
			0.995980,-0.000036,0.089577,0.000000,
			0.000000,21.143131,-36.418949,1.000000;;,
			11;16;
			0.037382,-0.905800,-0.422053,0.000000,
			0.079913,0.423705,-0.902268,0.000000,
			0.996101,0.000001,0.088224,0.000000,
			0.000000,21.143131,-36.418949,1.000000;;,
			12;16;
			0.037286,-0.897039,-0.440376,0.000000,
			0.075711,0.441952,-0.893838,0.000000,
			0.996432,-0.000014,0.084394,0.000000,
			0.000000,21.143131,-36.418949,1.000000;;,
			13;16;
			0.035945,-0.888254,-0.457943,0.000000,
			0.069503,0.459352,-0.885531,0.000000,
			0.996934,0.000002,0.078248,0.000000,
			0.000000,21.143131,-36.418949,1.000000;;,
			14;16;
			0.033358,-0.879754,-0.474258,0.000000,
			0.061669,0.475430,-0.877589,0.000000,
			0.997539,0.000027,0.070113,0.000000,
			0.000000,21.143131,-36.418949,1.000000;;,
			15;16;
			0.029525,-0.871731,-0.489094,0.000000,
			0.052492,0.489984,-0.870149,0.000000,
			0.998185,0.000017,0.060225,0.000000,
			0.000000,21.143131,-36.418949,1.000000;;,
			16;16;
			0.024637,-0.864578,-0.501894,0.000000,
			0.042351,0.502499,-0.863540,0.000000,
			0.998799,0.000019,0.048995,0.000000,
			0.000000,21.143131,-36.418949,1.000000;;,
			17;16;
			0.018790,-0.858463,-0.512531,0.000000,
			0.031436,0.512876,-0.857887,0.000000,
			0.999329,0.000008,0.036623,0.000000,
			0.000000,21.143131,-36.418949,1.000000;;,
			18;16;
			0.012176,-0.853797,-0.520464,0.000000,
			0.019939,0.520606,-0.853564,0.000000,
			0.999727,0.000015,0.023362,0.000000,
			0.000000,21.143131,-36.418949,1.000000;;,
			19;16;
			0.005081,-0.850790,-0.525480,0.000000,
			0.008149,0.525505,-0.850752,0.000000,
			0.999954,0.000040,0.009603,0.000000,
			0.000000,21.143131,-36.418949,1.000000;;,
			20;16;
			-0.002397,-0.849689,-0.527279,0.000000,
			-0.003835,0.527285,-0.849680,0.000000,
			0.999990,-0.000015,-0.004522,0.000000,
			0.000000,21.143131,-36.418949,1.000000;;,
			21;16;
			-0.009779,-0.850761,-0.525462,0.000000,
			-0.015817,0.525553,-0.850614,0.000000,
			0.999827,-0.000007,-0.018596,0.000000,
			0.000000,21.143131,-36.418949,1.000000;;,
			22;16;
			-0.016873,-0.853788,-0.520347,0.000000,
			-0.027700,0.520620,-0.853339,0.000000,
			0.999474,0.000015,-0.032434,0.000000,
			0.000000,21.143131,-36.418949,1.000000;;,
			23;16;
			-0.023391,-0.858478,-0.512317,0.000000,
			-0.039191,0.512851,-0.857583,0.000000,
			0.998958,0.000019,-0.045641,0.000000,
			0.000000,21.143131,-36.418949,1.000000;;,
			24;16;
			-0.029142,-0.864569,-0.501668,0.000000,
			-0.050099,0.502513,-0.863117,0.000000,
			0.998319,-0.000019,-0.057958,0.000000,
			0.000000,21.143131,-36.418949,1.000000;;,
			25;16;
			-0.033933,-0.871750,-0.488775,0.000000,
			-0.060329,0.489951,-0.869660,0.000000,
			0.997602,-0.000023,-0.069217,0.000000,
			0.000000,21.143131,-36.418949,1.000000;;,
			26;16;
			-0.037574,-0.879758,-0.473934,0.000000,
			-0.069594,0.475421,-0.877001,0.000000,
			0.996868,0.000031,-0.079090,0.000000,
			0.000000,21.143131,-36.418949,1.000000;;,
			27;16;
			-0.040065,-0.888247,-0.457616,0.000000,
			-0.077422,0.459367,-0.884866,0.000000,
			0.996193,-0.000022,-0.087174,0.000000,
			0.000000,21.143131,-36.418949,1.000000;;,
			28;16;
			-0.041214,-0.897027,-0.440051,0.000000,
			-0.083720,0.441976,-0.893111,0.000000,
			0.995637,0.000032,-0.093314,0.000000,
			0.000000,21.143131,-36.418949,1.000000;;,
			29;16;
			-0.041214,-0.905825,-0.421642,0.000000,
			-0.088110,0.423651,-0.901530,0.000000,
			0.995258,-0.000005,-0.097273,0.000000,
			0.000000,21.143131,-36.418949,1.000000;;,
			30;16;
			-0.039873,-0.914412,-0.402816,0.000000,
			-0.090118,0.404785,-0.909960,0.000000,
			0.995133,0.000018,-0.098545,0.000000,
			0.000000,21.143131,-36.418949,1.000000;;,
			31;16;
			-0.037478,-0.922606,-0.383919,0.000000,
			-0.089650,0.385744,-0.918240,0.000000,
			0.995268,0.000005,-0.097168,0.000000,
			0.000000,21.143131,-36.418949,1.000000;;,
			32;16;
			-0.034220,-0.930222,-0.365399,0.000000,
			-0.086701,0.366998,-0.926172,0.000000,
			0.995646,-0.000013,-0.093210,0.000000,
			0.000000,21.143131,-36.418949,1.000000;;,
			33;16;
			-0.030291,-0.937209,-0.347450,0.000000,
			-0.081556,0.348768,-0.933654,0.000000,
			0.996208,0.000055,-0.087000,0.000000,
			0.000000,21.143131,-36.418949,1.000000;;,
			34;16;
			-0.026075,-0.943399,-0.330632,0.000000,
			-0.074208,0.331659,-0.940476,0.000000,
			0.996902,0.000013,-0.078656,0.000000,
			0.000000,21.143131,-36.418949,1.000000;;,
			35;16;
			-0.021666,-0.948763,-0.315246,0.000000,
			-0.065037,0.315990,-0.946531,0.000000,
			0.997648,-0.000005,-0.068551,0.000000,
			0.000000,21.143131,-36.418949,1.000000;;,
			36;16;
			-0.017161,-0.953252,-0.301687,0.000000,
			-0.054230,0.302175,-0.951709,0.000000,
			0.998381,0.000029,-0.056880,0.000000,
			0.000000,21.143131,-36.418949,1.000000;;,
			37;16;
			-0.012751,-0.956779,-0.290536,0.000000,
			-0.041977,0.290816,-0.955858,0.000000,
			0.999037,0.000008,-0.043871,0.000000,
			0.000000,21.143131,-36.418949,1.000000;;,
			38;16;
			-0.008437,-0.959402,-0.281915,0.000000,
			-0.028757,0.282041,-0.958971,0.000000,
			0.999551,0.000016,-0.029969,0.000000,
			0.000000,21.143131,-36.418949,1.000000;;,
			39;16;
			-0.004218,-0.961007,-0.276491,0.000000,
			-0.014572,0.276523,-0.960897,0.000000,
			0.999885,-0.000025,-0.015170,0.000000,
			0.000000,21.143131,-36.418949,1.000000;;,
			40;16;
			0.000000,-0.961544,-0.274650,0.000000,
			0.000000,0.274650,-0.961544,0.000000,
			1.000000,0.000000,0.000000,0.000000,
			0.000000,21.143131,-36.418949,1.000000;;;
		}
	}
	Animation {
		{Head}
		AnimationKey {
			4;
			41;
			0;16;
			-0.097952,-0.992574,-0.072130,0.000000,
			-0.985367,0.086571,0.146821,0.000000,
			-0.139486,0.085456,-0.986530,0.000000,
			60.937344,-2.771742,-0.000000,1.000000;;,
			1;16;
			-0.097100,-0.992706,-0.071461,0.000000,
			-0.986449,0.086450,0.139447,0.000000,
			-0.132252,0.084032,-0.987648,0.000000,
			60.937344,-2.771742,-0.000000,1.000000;;,
			2;16;
			-0.094638,-0.993079,-0.069548,0.000000,
			-0.989117,0.085895,0.119456,0.000000,
			-0.112656,0.080096,-0.990401,0.000000,
			60.937344,-2.771742,-0.000000,1.000000;;,
			3;16;
			-0.090563,-0.993669,-0.066487,0.000000,
			-0.992406,0.084464,0.089419,0.000000,
			-0.083237,0.074080,-0.993772,0.000000,
			60.937344,-2.771742,-0.000000,1.000000;;,
			4;16;
			-0.084962,-0.994424,-0.062469,0.000000,
			-0.995288,0.081762,0.052125,0.000000,
			-0.046727,0.066603,-0.996685,0.000000,
			60.937344,-2.771742,-0.000000,1.000000;;,
			5;16;
			-0.077833,-0.995307,-0.057492,0.000000,
			-0.996948,0.077353,0.010528,0.000000,
			-0.006032,0.058136,-0.998290,0.000000,
			60.937344,-2.771742,-0.000000,1.000000;;,
			6;16;
			-0.069360,-0.996254,-0.051653,0.000000,
			-0.996938,0.071095,-0.032548,0.000000,
			0.036098,0.049237,-0.998135,0.000000,
			60.937344,-2.771742,-0.000000,1.000000;;,
			7;16;
			-0.059729,-0.997189,-0.045237,0.000000,
			-0.995263,0.062973,-0.074062,0.000000,
			0.076703,0.040599,-0.996227,0.000000,
			60.937344,-2.771742,-0.000000,1.000000;;,
			8;16;
			-0.049127,-0.998045,-0.038627,0.000000,
			-0.992366,0.053154,-0.111282,0.000000,
			0.113118,0.032865,-0.993038,0.000000,
			60.937344,-2.771742,-0.000000,1.000000;;,
			9;16;
			-0.037937,-0.998761,-0.032208,0.000000,
			-0.989077,0.042124,-0.141249,0.000000,
			0.142431,0.026497,-0.989450,0.000000,
			60.937344,-2.771742,-0.000000,1.000000;;,
			10;16;
			-0.026161,-0.999295,-0.026937,0.000000,
			-0.986451,0.030172,-0.161260,0.000000,
			0.161959,0.022353,-0.986544,0.000000,
			60.937344,-2.771742,-0.000000,1.000000;;,
			11;16;
			-0.014185,-0.999621,-0.023582,0.000000,
			-0.985496,0.017965,-0.168742,0.000000,
			0.169102,0.020847,-0.985378,0.000000,
			60.937344,-2.771742,-0.000000,1.000000;;,
			12;16;
			-0.001917,-0.999709,-0.024062,0.000000,
			-0.985804,0.005929,-0.167795,0.000000,
			0.167889,0.023399,-0.985528,0.000000,
			60.937344,-2.771742,-0.000000,1.000000;;,
			13;16;
			0.010542,-0.999522,-0.029046,0.000000,
			-0.986367,-0.005623,-0.164465,0.000000,
			0.164224,0.030383,-0.985955,0.000000,
			60.937344,-2.771742,-0.000000,1.000000;;,
			14;16;
			0.022991,-0.999029,-0.037573,0.000000,
			-0.987102,-0.016729,-0.159219,0.000000,
			0.158436,0.040749,-0.986528,0.000000,
			60.937344,-2.771742,-0.000000,1.000000;;,
			15;16;
			0.035328,-0.998199,-0.048493,0.000000,
			-0.987959,-0.027570,-0.152239,0.000000,
			0.150628,0.053287,-0.987153,0.000000,
			60.937344,-2.771742,-0.000000,1.000000;;,
			16;16;
			0.047352,-0.997029,-0.060746,0.000000,
			-0.988868,-0.038203,-0.143808,0.000000,
			0.141061,0.066880,-0.987739,0.000000,
			60.937344,-2.771742,-0.000000,1.000000;;,
			17;16;
			0.058960,-0.995560,-0.073373,0.000000,
			-0.989753,-0.048724,-0.134218,0.000000,
			0.130047,0.080535,-0.988232,0.000000,
			60.937344,-2.771742,-0.000000,1.000000;;,
			18;16;
			0.069961,-0.993894,-0.085319,0.000000,
			-0.990595,-0.059137,-0.123386,0.000000,
			0.117587,0.093149,-0.988684,0.000000,
			60.937344,-2.771742,-0.000000,1.000000;;,
			19;16;
			0.080270,-0.992193,-0.095441,0.000000,
			-0.991331,-0.069473,-0.111521,0.000000,
			0.104020,0.103565,-0.989168,0.000000,
			60.937344,-2.771742,-0.000000,1.000000;;,
			20;16;
			0.089714,-0.990669,-0.102595,0.000000,
			-0.991933,-0.079614,-0.098639,0.000000,
			0.089550,0.110617,-0.989820,0.000000,
			60.937344,-2.771742,-0.000000,1.000000;;,
			21;16;
			0.098038,-0.989559,-0.105647,0.000000,
			-0.992402,-0.089282,-0.084652,0.000000,
			0.074336,0.113143,-0.990794,0.000000,
			60.937344,-2.771742,-0.000000,1.000000;;,
			22;16;
			0.105170,-0.989008,-0.103931,0.000000,
			-0.992728,-0.098257,-0.069552,0.000000,
			0.058576,0.110490,-0.992150,0.000000,
			60.937344,-2.771742,-0.000000,1.000000;;,
			23;16;
			0.111019,-0.988973,-0.098017,0.000000,
			-0.992905,-0.106148,-0.053596,0.000000,
			0.042600,0.103271,-0.993740,0.000000,
			60.937344,-2.771742,-0.000000,1.000000;;,
			24;16;
			0.115287,-0.989333,-0.089044,0.000000,
			-0.992977,-0.112387,-0.036947,0.000000,
			0.026546,0.092679,-0.995342,0.000000,
			60.937344,-2.771742,-0.000000,1.000000;;,
			25;16;
			0.117862,-0.989957,-0.078057,0.000000,
			-0.992975,-0.116662,-0.019784,0.000000,
			0.010479,0.079841,-0.996753,0.000000,
			60.937344,-2.771742,-0.000000,1.000000;;,
			26;16;
			0.118631,-0.990748,-0.065913,0.000000,
			-0.992925,-0.118713,-0.002679,0.000000,
			-0.005171,0.065765,-0.997822,0.000000,
			60.937344,-2.771742,-0.000000,1.000000;;,
			27;16;
			0.117481,-0.991619,-0.053759,0.000000,
			-0.992865,-0.118397,0.014168,0.000000,
			-0.020414,0.051711,-0.998453,0.000000,
			60.937344,-2.771742,-0.000000,1.000000;;,
			28;16;
			0.114120,-0.992559,-0.042459,0.000000,
			-0.992852,-0.115449,0.030264,0.000000,
			-0.034941,0.038702,-0.998640,0.000000,
			60.937344,-2.771742,-0.000000,1.000000;;,
			29;16;
			0.108542,-0.993538,-0.033166,0.000000,
			-0.992905,-0.109982,0.045212,0.000000,
			-0.048567,0.028023,-0.998427,0.000000,
			60.937344,-2.771742,-0.000000,1.000000;;,
			30;16;
			0.100461,-0.994579,-0.026841,0.000000,
			-0.993055,-0.101895,0.058811,0.000000,
			-0.061227,0.020746,-0.997908,0.000000,
			60.937344,-2.771742,-0.000000,1.000000;;,
			31;16;
			0.089972,-0.995642,-0.024541,0.000000,
			-0.993301,-0.091500,0.070579,0.000000,
			-0.072517,0.018026,-0.997204,0.000000,
			60.937344,-2.771742,-0.000000,1.000000;;,
			32;16;
			0.074112,-0.996899,-0.026458,0.000000,
			-0.993771,-0.076042,0.081470,0.000000,
			-0.083229,0.020255,-0.996325,0.000000,
			60.937344,-2.771742,-0.000000,1.000000;;,
			33;16;
			0.051723,-0.998169,-0.031345,0.000000,
			-0.994239,-0.054420,0.092341,0.000000,
			-0.093878,0.026388,-0.995234,0.000000,
			60.937344,-2.771742,-0.000000,1.000000;;,
			34;16;
			0.025194,-0.998951,-0.038244,0.000000,
			-0.994248,-0.029022,0.103093,0.000000,
			-0.104094,0.035427,-0.993936,0.000000,
			60.937344,-2.771742,-0.000000,1.000000;;,
			35;16;
			-0.003352,-0.998936,-0.046003,0.000000,
			-0.993522,-0.001899,0.113627,0.000000,
			-0.113593,0.046086,-0.992458,0.000000,
			60.937344,-2.771742,-0.000000,1.000000;;,
			36;16;
			-0.031587,-0.998049,-0.053855,0.000000,
			-0.992017,0.024724,0.123658,0.000000,
			-0.122085,0.057331,-0.990862,0.000000,
			60.937344,-2.771742,-0.000000,1.000000;;,
			37;16;
			-0.057386,-0.996491,-0.060938,0.000000,
			-0.989960,0.048899,0.132623,0.000000,
			-0.129178,0.067936,-0.989291,0.000000,
			60.937344,-2.771742,-0.000000,1.000000;;,
			38;16;
			-0.078456,-0.994679,-0.066774,0.000000,
			-0.987783,0.068516,0.139965,0.000000,
			-0.134645,0.076939,-0.987902,0.000000,
			60.937344,-2.771742,-0.000000,1.000000;;,
			39;16;
			-0.092726,-0.993179,-0.070696,0.000000,
			-0.986057,0.081744,0.144944,0.000000,
			-0.138176,0.083150,-0.986911,0.000000,
			60.937344,-2.771742,-0.000000,1.000000;;,
			40;16;
			-0.097952,-0.992574,-0.072130,0.000000,
			-0.985367,0.086571,0.146821,0.000000,
			-0.139486,0.085456,-0.986530,0.000000,
			60.937344,-2.771742,-0.000000,1.000000;;;
		}
	}
	Animation {
		{UpperTeethCTRL}
		AnimationKey {
			4;
			41;
			0;16;
			-0.000000,0.000000,-1.000000,0.000000,
			-0.951700,0.307029,0.000000,0.000000,
			0.307029,0.951700,-0.000000,0.000000,
			34.826504,0.000000,-0.000000,1.000000;;,
			1;16;
			-0.000000,0.000000,-1.000000,0.000000,
			-0.951700,0.307029,0.000000,0.000000,
			0.307029,0.951700,-0.000000,0.000000,
			34.826504,0.000000,-0.000000,1.000000;;,
			2;16;
			-0.000000,0.000000,-1.000000,0.000000,
			-0.951700,0.307029,0.000000,0.000000,
			0.307029,0.951700,-0.000000,0.000000,
			34.826504,0.000000,-0.000000,1.000000;;,
			3;16;
			-0.000000,0.000000,-1.000000,0.000000,
			-0.951700,0.307029,0.000000,0.000000,
			0.307029,0.951700,-0.000000,0.000000,
			34.826504,0.000000,-0.000000,1.000000;;,
			4;16;
			-0.000000,0.000000,-1.000000,0.000000,
			-0.951700,0.307029,0.000000,0.000000,
			0.307029,0.951700,-0.000000,0.000000,
			34.826504,0.000000,-0.000000,1.000000;;,
			5;16;
			-0.000000,0.000000,-1.000000,0.000000,
			-0.951700,0.307029,0.000000,0.000000,
			0.307029,0.951700,-0.000000,0.000000,
			34.826504,0.000000,-0.000000,1.000000;;,
			6;16;
			-0.000000,0.000000,-1.000000,0.000000,
			-0.951700,0.307029,0.000000,0.000000,
			0.307029,0.951700,-0.000000,0.000000,
			34.826504,0.000000,-0.000000,1.000000;;,
			7;16;
			-0.000000,0.000000,-1.000000,0.000000,
			-0.951700,0.307029,0.000000,0.000000,
			0.307029,0.951700,-0.000000,0.000000,
			34.826504,0.000000,-0.000000,1.000000;;,
			8;16;
			-0.000000,0.000000,-1.000000,0.000000,
			-0.951700,0.307029,0.000000,0.000000,
			0.307029,0.951700,-0.000000,0.000000,
			34.826504,0.000000,-0.000000,1.000000;;,
			9;16;
			-0.000000,0.000000,-1.000000,0.000000,
			-0.951700,0.307029,0.000000,0.000000,
			0.307029,0.951700,-0.000000,0.000000,
			34.826504,0.000000,-0.000000,1.000000;;,
			10;16;
			-0.000000,0.000000,-1.000000,0.000000,
			-0.951700,0.307029,0.000000,0.000000,
			0.307029,0.951700,-0.000000,0.000000,
			34.826504,0.000000,-0.000000,1.000000;;,
			11;16;
			-0.000000,0.000000,-1.000000,0.000000,
			-0.951700,0.307029,0.000000,0.000000,
			0.307029,0.951700,-0.000000,0.000000,
			34.826504,0.000000,-0.000000,1.000000;;,
			12;16;
			-0.000000,0.000000,-1.000000,0.000000,
			-0.951700,0.307029,0.000000,0.000000,
			0.307029,0.951700,-0.000000,0.000000,
			34.826504,0.000000,-0.000000,1.000000;;,
			13;16;
			-0.000000,0.000000,-1.000000,0.000000,
			-0.951700,0.307029,0.000000,0.000000,
			0.307029,0.951700,-0.000000,0.000000,
			34.826504,0.000000,-0.000000,1.000000;;,
			14;16;
			-0.000000,0.000000,-1.000000,0.000000,
			-0.951700,0.307029,0.000000,0.000000,
			0.307029,0.951700,-0.000000,0.000000,
			34.826504,0.000000,-0.000000,1.000000;;,
			15;16;
			-0.000000,0.000000,-1.000000,0.000000,
			-0.951700,0.307029,0.000000,0.000000,
			0.307029,0.951700,-0.000000,0.000000,
			34.826504,0.000000,-0.000000,1.000000;;,
			16;16;
			-0.000000,0.000000,-1.000000,0.000000,
			-0.951700,0.307029,0.000000,0.000000,
			0.307029,0.951700,-0.000000,0.000000,
			34.826504,0.000000,-0.000000,1.000000;;,
			17;16;
			-0.000000,0.000000,-1.000000,0.000000,
			-0.951700,0.307029,0.000000,0.000000,
			0.307029,0.951700,-0.000000,0.000000,
			34.826504,0.000000,-0.000000,1.000000;;,
			18;16;
			-0.000000,0.000000,-1.000000,0.000000,
			-0.951700,0.307029,0.000000,0.000000,
			0.307029,0.951700,-0.000000,0.000000,
			34.826504,0.000000,-0.000000,1.000000;;,
			19;16;
			-0.000000,0.000000,-1.000000,0.000000,
			-0.951700,0.307029,0.000000,0.000000,
			0.307029,0.951700,-0.000000,0.000000,
			34.826504,0.000000,-0.000000,1.000000;;,
			20;16;
			-0.000000,0.000000,-1.000000,0.000000,
			-0.951700,0.307029,0.000000,0.000000,
			0.307029,0.951700,-0.000000,0.000000,
			34.826504,0.000000,-0.000000,1.000000;;,
			21;16;
			-0.000000,0.000000,-1.000000,0.000000,
			-0.951700,0.307029,0.000000,0.000000,
			0.307029,0.951700,-0.000000,0.000000,
			34.826504,0.000000,-0.000000,1.000000;;,
			22;16;
			-0.000000,0.000000,-1.000000,0.000000,
			-0.951700,0.307029,0.000000,0.000000,
			0.307029,0.951700,-0.000000,0.000000,
			34.826504,0.000000,-0.000000,1.000000;;,
			23;16;
			-0.000000,0.000000,-1.000000,0.000000,
			-0.951700,0.307029,0.000000,0.000000,
			0.307029,0.951700,-0.000000,0.000000,
			34.826504,0.000000,-0.000000,1.000000;;,
			24;16;
			-0.000000,0.000000,-1.000000,0.000000,
			-0.951700,0.307029,0.000000,0.000000,
			0.307029,0.951700,-0.000000,0.000000,
			34.826504,0.000000,-0.000000,1.000000;;,
			25;16;
			-0.000000,0.000000,-1.000000,0.000000,
			-0.951700,0.307029,0.000000,0.000000,
			0.307029,0.951700,-0.000000,0.000000,
			34.826504,0.000000,-0.000000,1.000000;;,
			26;16;
			-0.000000,0.000000,-1.000000,0.000000,
			-0.951700,0.307029,0.000000,0.000000,
			0.307029,0.951700,-0.000000,0.000000,
			34.826504,0.000000,-0.000000,1.000000;;,
			27;16;
			-0.000000,0.000000,-1.000000,0.000000,
			-0.951700,0.307029,0.000000,0.000000,
			0.307029,0.951700,-0.000000,0.000000,
			34.826504,0.000000,-0.000000,1.000000;;,
			28;16;
			-0.000000,0.000000,-1.000000,0.000000,
			-0.951700,0.307029,0.000000,0.000000,
			0.307029,0.951700,-0.000000,0.000000,
			34.826504,0.000000,-0.000000,1.000000;;,
			29;16;
			-0.000000,0.000000,-1.000000,0.000000,
			-0.951700,0.307029,0.000000,0.000000,
			0.307029,0.951700,-0.000000,0.000000,
			34.826504,0.000000,-0.000000,1.000000;;,
			30;16;
			-0.000000,0.000000,-1.000000,0.000000,
			-0.951700,0.307029,0.000000,0.000000,
			0.307029,0.951700,-0.000000,0.000000,
			34.826504,0.000000,-0.000000,1.000000;;,
			31;16;
			-0.000000,0.000000,-1.000000,0.000000,
			-0.951700,0.307029,0.000000,0.000000,
			0.307029,0.951700,-0.000000,0.000000,
			34.826504,0.000000,-0.000000,1.000000;;,
			32;16;
			-0.000000,0.000000,-1.000000,0.000000,
			-0.951700,0.307029,0.000000,0.000000,
			0.307029,0.951700,-0.000000,0.000000,
			34.826504,0.000000,-0.000000,1.000000;;,
			33;16;
			-0.000000,0.000000,-1.000000,0.000000,
			-0.951700,0.307029,0.000000,0.000000,
			0.307029,0.951700,-0.000000,0.000000,
			34.826504,0.000000,-0.000000,1.000000;;,
			34;16;
			-0.000000,0.000000,-1.000000,0.000000,
			-0.951700,0.307029,0.000000,0.000000,
			0.307029,0.951700,-0.000000,0.000000,
			34.826504,0.000000,-0.000000,1.000000;;,
			35;16;
			-0.000000,0.000000,-1.000000,0.000000,
			-0.951700,0.307029,0.000000,0.000000,
			0.307029,0.951700,-0.000000,0.000000,
			34.826504,0.000000,-0.000000,1.000000;;,
			36;16;
			-0.000000,0.000000,-1.000000,0.000000,
			-0.951700,0.307029,0.000000,0.000000,
			0.307029,0.951700,-0.000000,0.000000,
			34.826504,0.000000,-0.000000,1.000000;;,
			37;16;
			-0.000000,0.000000,-1.000000,0.000000,
			-0.951700,0.307029,0.000000,0.000000,
			0.307029,0.951700,-0.000000,0.000000,
			34.826504,0.000000,-0.000000,1.000000;;,
			38;16;
			-0.000000,0.000000,-1.000000,0.000000,
			-0.951700,0.307029,0.000000,0.000000,
			0.307029,0.951700,-0.000000,0.000000,
			34.826504,0.000000,-0.000000,1.000000;;,
			39;16;
			-0.000000,0.000000,-1.000000,0.000000,
			-0.951700,0.307029,0.000000,0.000000,
			0.307029,0.951700,-0.000000,0.000000,
			34.826504,0.000000,-0.000000,1.000000;;,
			40;16;
			-0.000000,0.000000,-1.000000,0.000000,
			-0.951700,0.307029,0.000000,0.000000,
			0.307029,0.951700,-0.000000,0.000000,
			34.826504,0.000000,-0.000000,1.000000;;;
		}
	}
	Animation {
		{EyeCTRL}
		AnimationKey {
			4;
			41;
			0;16;
			0.865706,-0.500553,-0.000000,0.000000,
			-0.500553,-0.865706,-0.000000,0.000000,
			0.000000,0.000000,-1.000000,0.000000,
			8.724464,-10.207933,0.000000,1.000000;;,
			1;16;
			0.865706,-0.500553,-0.000000,0.000000,
			-0.500553,-0.865706,-0.000000,0.000000,
			0.000000,0.000000,-1.000000,0.000000,
			8.724464,-10.207933,0.000000,1.000000;;,
			2;16;
			0.865706,-0.500553,-0.000000,0.000000,
			-0.500553,-0.865706,-0.000000,0.000000,
			0.000000,0.000000,-1.000000,0.000000,
			8.724464,-10.207933,0.000000,1.000000;;,
			3;16;
			0.865706,-0.500553,-0.000000,0.000000,
			-0.500553,-0.865706,-0.000000,0.000000,
			0.000000,0.000000,-1.000000,0.000000,
			8.724464,-10.207933,0.000000,1.000000;;,
			4;16;
			0.865706,-0.500553,-0.000000,0.000000,
			-0.500553,-0.865706,-0.000000,0.000000,
			0.000000,0.000000,-1.000000,0.000000,
			8.724464,-10.207933,0.000000,1.000000;;,
			5;16;
			0.865706,-0.500553,-0.000000,0.000000,
			-0.500553,-0.865706,-0.000000,0.000000,
			0.000000,0.000000,-1.000000,0.000000,
			8.724464,-10.207933,0.000000,1.000000;;,
			6;16;
			0.865706,-0.500553,-0.000000,0.000000,
			-0.500553,-0.865706,-0.000000,0.000000,
			0.000000,0.000000,-1.000000,0.000000,
			8.724464,-10.207933,0.000000,1.000000;;,
			7;16;
			0.865706,-0.500553,-0.000000,0.000000,
			-0.500553,-0.865706,-0.000000,0.000000,
			0.000000,0.000000,-1.000000,0.000000,
			8.724464,-10.207933,0.000000,1.000000;;,
			8;16;
			0.865706,-0.500553,-0.000000,0.000000,
			-0.500553,-0.865706,-0.000000,0.000000,
			0.000000,0.000000,-1.000000,0.000000,
			8.724464,-10.207933,0.000000,1.000000;;,
			9;16;
			0.865706,-0.500553,-0.000000,0.000000,
			-0.500553,-0.865706,-0.000000,0.000000,
			0.000000,0.000000,-1.000000,0.000000,
			8.724464,-10.207933,0.000000,1.000000;;,
			10;16;
			0.865706,-0.500553,-0.000000,0.000000,
			-0.500553,-0.865706,-0.000000,0.000000,
			0.000000,0.000000,-1.000000,0.000000,
			8.724464,-10.207933,0.000000,1.000000;;,
			11;16;
			0.865706,-0.500553,-0.000000,0.000000,
			-0.500553,-0.865706,-0.000000,0.000000,
			0.000000,0.000000,-1.000000,0.000000,
			8.724464,-10.207933,0.000000,1.000000;;,
			12;16;
			0.865706,-0.500553,-0.000000,0.000000,
			-0.500553,-0.865706,-0.000000,0.000000,
			0.000000,0.000000,-1.000000,0.000000,
			8.724464,-10.207933,0.000000,1.000000;;,
			13;16;
			0.865706,-0.500553,-0.000000,0.000000,
			-0.500553,-0.865706,-0.000000,0.000000,
			0.000000,0.000000,-1.000000,0.000000,
			8.724464,-10.207933,0.000000,1.000000;;,
			14;16;
			0.865706,-0.500553,-0.000000,0.000000,
			-0.500553,-0.865706,-0.000000,0.000000,
			0.000000,0.000000,-1.000000,0.000000,
			8.724464,-10.207933,0.000000,1.000000;;,
			15;16;
			0.865706,-0.500553,-0.000000,0.000000,
			-0.500553,-0.865706,-0.000000,0.000000,
			0.000000,0.000000,-1.000000,0.000000,
			8.724464,-10.207933,0.000000,1.000000;;,
			16;16;
			0.865706,-0.500553,-0.000000,0.000000,
			-0.500553,-0.865706,-0.000000,0.000000,
			0.000000,0.000000,-1.000000,0.000000,
			8.724464,-10.207933,0.000000,1.000000;;,
			17;16;
			0.865706,-0.500553,-0.000000,0.000000,
			-0.500553,-0.865706,-0.000000,0.000000,
			0.000000,0.000000,-1.000000,0.000000,
			8.724464,-10.207933,0.000000,1.000000;;,
			18;16;
			0.865706,-0.500553,-0.000000,0.000000,
			-0.500553,-0.865706,-0.000000,0.000000,
			0.000000,0.000000,-1.000000,0.000000,
			8.724464,-10.207933,0.000000,1.000000;;,
			19;16;
			0.865706,-0.500553,-0.000000,0.000000,
			-0.500553,-0.865706,-0.000000,0.000000,
			0.000000,0.000000,-1.000000,0.000000,
			8.724464,-10.207933,0.000000,1.000000;;,
			20;16;
			0.865706,-0.500553,-0.000000,0.000000,
			-0.500553,-0.865706,-0.000000,0.000000,
			0.000000,0.000000,-1.000000,0.000000,
			8.724464,-10.207933,0.000000,1.000000;;,
			21;16;
			0.865706,-0.500553,-0.000000,0.000000,
			-0.500553,-0.865706,-0.000000,0.000000,
			0.000000,0.000000,-1.000000,0.000000,
			8.724464,-10.207933,0.000000,1.000000;;,
			22;16;
			0.865706,-0.500553,-0.000000,0.000000,
			-0.500553,-0.865706,-0.000000,0.000000,
			0.000000,0.000000,-1.000000,0.000000,
			8.724464,-10.207933,0.000000,1.000000;;,
			23;16;
			0.865706,-0.500553,-0.000000,0.000000,
			-0.500553,-0.865706,-0.000000,0.000000,
			0.000000,0.000000,-1.000000,0.000000,
			8.724464,-10.207933,0.000000,1.000000;;,
			24;16;
			0.865706,-0.500553,-0.000000,0.000000,
			-0.500553,-0.865706,-0.000000,0.000000,
			0.000000,0.000000,-1.000000,0.000000,
			8.724464,-10.207933,0.000000,1.000000;;,
			25;16;
			0.865706,-0.500553,-0.000000,0.000000,
			-0.500553,-0.865706,-0.000000,0.000000,
			0.000000,0.000000,-1.000000,0.000000,
			8.724464,-10.207933,0.000000,1.000000;;,
			26;16;
			0.865706,-0.500553,-0.000000,0.000000,
			-0.500553,-0.865706,-0.000000,0.000000,
			0.000000,0.000000,-1.000000,0.000000,
			8.724464,-10.207933,0.000000,1.000000;;,
			27;16;
			0.865706,-0.500553,-0.000000,0.000000,
			-0.500553,-0.865706,-0.000000,0.000000,
			0.000000,0.000000,-1.000000,0.000000,
			8.724464,-10.207933,0.000000,1.000000;;,
			28;16;
			0.865706,-0.500553,-0.000000,0.000000,
			-0.500553,-0.865706,-0.000000,0.000000,
			0.000000,0.000000,-1.000000,0.000000,
			8.724464,-10.207933,0.000000,1.000000;;,
			29;16;
			0.865706,-0.500553,-0.000000,0.000000,
			-0.500553,-0.865706,-0.000000,0.000000,
			0.000000,0.000000,-1.000000,0.000000,
			8.724464,-10.207933,0.000000,1.000000;;,
			30;16;
			0.865706,-0.500553,-0.000000,0.000000,
			-0.500553,-0.865706,-0.000000,0.000000,
			0.000000,0.000000,-1.000000,0.000000,
			8.724464,-10.207933,0.000000,1.000000;;,
			31;16;
			0.865706,-0.500553,-0.000000,0.000000,
			-0.500553,-0.865706,-0.000000,0.000000,
			0.000000,0.000000,-1.000000,0.000000,
			8.724464,-10.207933,0.000000,1.000000;;,
			32;16;
			0.865706,-0.500553,-0.000000,0.000000,
			-0.500553,-0.865706,-0.000000,0.000000,
			0.000000,0.000000,-1.000000,0.000000,
			8.724464,-10.207933,0.000000,1.000000;;,
			33;16;
			0.865706,-0.500553,-0.000000,0.000000,
			-0.500553,-0.865706,-0.000000,0.000000,
			0.000000,0.000000,-1.000000,0.000000,
			8.724464,-10.207933,0.000000,1.000000;;,
			34;16;
			0.865706,-0.500553,-0.000000,0.000000,
			-0.500553,-0.865706,-0.000000,0.000000,
			0.000000,0.000000,-1.000000,0.000000,
			8.724464,-10.207933,0.000000,1.000000;;,
			35;16;
			0.865706,-0.500553,-0.000000,0.000000,
			-0.500553,-0.865706,-0.000000,0.000000,
			0.000000,0.000000,-1.000000,0.000000,
			8.724464,-10.207933,0.000000,1.000000;;,
			36;16;
			0.865706,-0.500553,-0.000000,0.000000,
			-0.500553,-0.865706,-0.000000,0.000000,
			0.000000,0.000000,-1.000000,0.000000,
			8.724464,-10.207933,0.000000,1.000000;;,
			37;16;
			0.865706,-0.500553,-0.000000,0.000000,
			-0.500553,-0.865706,-0.000000,0.000000,
			0.000000,0.000000,-1.000000,0.000000,
			8.724464,-10.207933,0.000000,1.000000;;,
			38;16;
			0.865706,-0.500553,-0.000000,0.000000,
			-0.500553,-0.865706,-0.000000,0.000000,
			0.000000,0.000000,-1.000000,0.000000,
			8.724464,-10.207933,0.000000,1.000000;;,
			39;16;
			0.865706,-0.500553,-0.000000,0.000000,
			-0.500553,-0.865706,-0.000000,0.000000,
			0.000000,0.000000,-1.000000,0.000000,
			8.724464,-10.207933,0.000000,1.000000;;,
			40;16;
			0.865706,-0.500553,-0.000000,0.000000,
			-0.500553,-0.865706,-0.000000,0.000000,
			0.000000,0.000000,-1.000000,0.000000,
			8.724464,-10.207933,0.000000,1.000000;;;
		}
	}
	Animation {
		{EyeBallCTRL}
		AnimationKey {
			4;
			41;
			0;16;
			0.000000,0.000000,1.000000,0.000000,
			-0.839842,0.542831,0.000000,0.000000,
			-0.542831,-0.839842,0.000000,0.000000,
			16.846575,0.000000,-0.000000,1.000000;;,
			1;16;
			-0.008228,0.001368,0.999965,0.000000,
			-0.840486,0.541779,-0.007657,0.000000,
			-0.541770,-0.840520,-0.003308,0.000000,
			16.846575,0.000000,-0.000000,1.000000;;,
			2;16;
			-0.031866,0.005300,0.999478,0.000000,
			-0.842167,0.538397,-0.029706,0.000000,
			-0.538274,-0.842675,-0.012693,0.000000,
			16.846575,0.000000,-0.000000,1.000000;;,
			3;16;
			-0.070021,0.011646,0.997478,0.000000,
			-0.843941,0.532427,-0.065459,0.000000,
			-0.531846,-0.846396,-0.027453,0.000000,
			16.846575,0.000000,-0.000000,1.000000;;,
			4;16;
			-0.120940,0.020114,0.992456,0.000000,
			-0.844415,0.523525,-0.113510,0.000000,
			-0.521859,-0.851773,-0.046330,0.000000,
			16.846575,0.000000,-0.000000,1.000000;;,
			5;16;
			-0.181582,0.030200,0.982912,0.000000,
			-0.842239,0.511165,-0.171300,0.000000,
			-0.507603,-0.858952,-0.067383,0.000000,
			16.846575,0.000000,-0.000000,1.000000;;,
			6;16;
			-0.247295,0.041129,0.968067,0.000000,
			-0.836500,0.495150,-0.234722,0.000000,
			-0.488992,-0.867833,-0.088044,0.000000,
			16.846575,0.000000,-0.000000,1.000000;;,
			7;16;
			-0.312662,0.052001,0.948440,0.000000,
			-0.827512,0.475299,-0.298857,0.000000,
			-0.466333,-0.878286,-0.105577,0.000000,
			16.846575,0.000000,-0.000000,1.000000;;,
			8;16;
			-0.372162,0.061896,0.926102,0.000000,
			-0.816912,0.451825,-0.358481,0.000000,
			-0.440624,-0.889957,-0.117588,0.000000,
			16.846575,0.000000,-0.000000,1.000000;;,
			9;16;
			-0.421762,0.070146,0.903989,0.000000,
			-0.807188,0.425077,-0.409582,0.000000,
			-0.412995,-0.902435,-0.122660,0.000000,
			16.846575,0.000000,-0.000000,1.000000;;,
			10;16;
			-0.458658,0.076282,0.885333,0.000000,
			-0.801251,0.395290,-0.449157,0.000000,
			-0.384226,-0.915383,-0.120182,0.000000,
			16.846575,0.000000,-0.000000,1.000000;;,
			11;16;
			-0.481687,0.080112,0.872674,0.000000,
			-0.801220,0.363135,-0.475583,0.000000,
			-0.354998,-0.928286,-0.110730,0.000000,
			16.846575,0.000000,-0.000000,1.000000;;,
			12;16;
			-0.489672,0.081440,0.868095,0.000000,
			-0.808967,0.328976,-0.487182,0.000000,
			-0.325259,-0.940820,-0.095208,0.000000,
			16.846575,0.000000,-0.000000,1.000000;;,
			13;16;
			-0.481934,0.080153,0.872533,0.000000,
			-0.827432,0.285976,-0.483294,0.000000,
			-0.288261,-0.954879,-0.071500,0.000000,
			16.846575,0.000000,-0.000000,1.000000;;,
			14;16;
			-0.459244,0.076379,0.885020,0.000000,
			-0.855090,0.231901,-0.463727,0.000000,
			-0.240657,-0.969736,-0.041188,0.000000,
			16.846575,0.000000,-0.000000,1.000000;;,
			15;16;
			-0.421249,0.070060,0.904235,0.000000,
			-0.887131,0.175434,-0.426873,0.000000,
			-0.188540,-0.981995,-0.011749,0.000000,
			16.846575,0.000000,-0.000000,1.000000;;,
			16;16;
			-0.367866,0.061182,0.927864,0.000000,
			-0.919657,0.123606,-0.372763,0.000000,
			-0.137496,-0.990443,0.010796,0.000000,
			16.846575,0.000000,-0.000000,1.000000;;,
			17;16;
			-0.299897,0.049877,0.952667,0.000000,
			-0.950456,0.070035,-0.302867,0.000000,
			-0.081826,-0.996297,0.026403,0.000000,
			16.846575,0.000000,-0.000000,1.000000;;,
			18;16;
			-0.220375,0.036652,0.974726,0.000000,
			-0.975096,0.017274,-0.221108,0.000000,
			-0.024942,-0.999179,0.031932,0.000000,
			16.846575,0.000000,-0.000000,1.000000;;,
			19;16;
			-0.134725,0.022407,0.990630,0.000000,
			-0.990505,-0.030650,-0.134015,0.000000,
			0.027360,-0.999279,0.026323,0.000000,
			16.846575,0.000000,-0.000000,1.000000;;,
			20;16;
			-0.050292,0.008364,0.998700,0.000000,
			-0.996357,-0.069373,-0.049593,0.000000,
			0.068868,-0.997556,0.011823,0.000000,
			16.846575,0.000000,-0.000000,1.000000;;,
			21;16;
			0.026477,-0.004404,0.999640,0.000000,
			-0.995092,-0.095498,0.025936,0.000000,
			0.095349,-0.995420,-0.006911,0.000000,
			16.846575,0.000000,-0.000000,1.000000;;,
			22;16;
			0.110138,-0.018318,0.993747,0.000000,
			-0.988540,-0.105873,0.107610,0.000000,
			0.103240,-0.994211,-0.029768,0.000000,
			16.846575,0.000000,-0.000000,1.000000;;,
			23;16;
			0.199398,-0.033163,0.979357,0.000000,
			-0.975342,-0.103194,0.195086,0.000000,
			0.094594,-0.994108,-0.052922,0.000000,
			16.846575,0.000000,-0.000000,1.000000;;,
			24;16;
			0.286080,-0.047579,0.957024,0.000000,
			-0.955251,-0.092532,0.280949,0.000000,
			0.075188,-0.994572,-0.071922,0.000000,
			16.846575,0.000000,-0.000000,1.000000;;,
			25;16;
			0.363386,-0.060437,0.929676,0.000000,
			-0.930424,-0.074473,0.358837,0.000000,
			0.047549,-0.995390,-0.083294,0.000000,
			16.846575,0.000000,-0.000000,1.000000;;,
			26;16;
			0.427225,-0.071054,0.901349,0.000000,
			-0.904034,-0.049226,0.424617,0.000000,
			0.014199,-0.996257,-0.085266,0.000000,
