xof 0303txt 0032
Frame ChestMesh {
	FrameTransformMatrix {
		1.000000,0.000000,0.000000,0.000000,
		0.000000,1.000000,0.000000,0.000000,
		0.000000,0.000000,1.000000,0.000000,
		0.000000,0.000000,0.000000,1.000000;;
	}
}
Frame Root {
	FrameTransformMatrix {
		-0.028590,-0.916593,-0.398798,0.000000,
		0.012433,0.398604,-0.917039,0.000000,
		0.999514,-0.031177,-0.000000,0.000000,
		0.000000,21.143131,-29.783276,1.000000;;
	}
	Frame Body {
		FrameTransformMatrix {
			0.408029,0.912969,0.000000,0.000000,
			-0.912969,0.408029,0.000000,0.000000,
			-0.000000,-0.000000,1.000000,0.000000,
			21.474360,0.000000,0.000000,1.000000;;
		}
		Frame Head {
			FrameTransformMatrix {
				-0.239443,-0.970910,-0.000000,0.000000,
				-0.970910,0.239443,-0.000000,0.000000,
				0.000000,0.000000,-1.000000,0.000000,
				54.691685,-2.861119,-0.000000,1.000000;;
			}
			Frame UpperTeethCTRL {
				FrameTransformMatrix {
					-0.000000,-0.070220,-0.997532,0.000000,
					-0.951689,0.306307,-0.021562,0.000000,
					0.307065,0.949340,-0.066827,0.000000,
					35.324596,0.326419,-0.000000,1.000000;;
				}
			}
			Frame EyeCTRL {
				FrameTransformMatrix {
					0.888190,-0.459476,0.000000,0.000000,
					-0.459476,-0.888190,0.000000,0.000000,
					-0.000000,-0.000000,-1.000000,0.000000,
					8.724464,-10.207933,0.000000,1.000000;;
				}
				Frame EyeBallCTRL {
					FrameTransformMatrix {
						-0.000000,0.000000,1.000000,0.000000,
						-0.986443,0.164103,-0.000000,0.000000,
						-0.164103,-0.986443,-0.000000,0.000000,
						16.846575,0.000000,-0.000000,1.000000;;
					}
				}
				Frame UppderEyeLid {
					FrameTransformMatrix {
						-0.000000,-0.001922,0.999998,0.000000,
						-0.986443,0.164103,0.000315,0.000000,
						-0.164103,-0.986441,-0.001896,0.000000,
						16.846575,0.000000,-0.000000,1.000000;;
					}
				}
				Frame LowerEyelid {
					FrameTransformMatrix {
						-0.000000,0.000000,1.000000,0.000000,
						-0.986443,0.164103,-0.000000,0.000000,
						-0.164103,-0.986443,-0.000000,0.000000,
						16.846575,0.000000,-0.000000,1.000000;;
					}
				}
			}
		}
		Frame RearLeftLeg01 {
			FrameTransformMatrix {
				0.305611,0.687796,0.658436,0.000000,
				0.001321,0.691214,-0.722649,0.000000,
				-0.952156,0.221719,0.210334,0.000000,
				-14.736686,30.774757,40.574268,1.000000;;
			}
			Frame RearLeftLeg02 {
				FrameTransformMatrix {
					-0.326443,-0.005950,0.945198,0.000000,
					0.698551,0.672132,0.245490,0.000000,
					-0.636759,0.740407,-0.215257,0.000000,
					14.146868,-0.000000,0.000000,1.000000;;
				}
				Frame RearLeftLeg03 {
					FrameTransformMatrix {
						0.015337,0.000024,-0.999882,0.000000,
						-0.001560,0.999999,0.000000,0.000000,
						0.999881,0.001560,0.015337,0.000000,
						28.369816,-0.000000,-0.000000,1.000000;;
					}
				}
			}
		}
		Frame FrontLeftLeg01 {
			FrameTransformMatrix {
				0.442649,-0.711812,0.545330,0.000000,
				0.107387,0.645860,0.755866,0.000000,
				-0.890242,-0.276022,0.362328,0.000000,
				-14.085297,-33.792656,40.574268,1.000000;;
			}
			Frame FrontLeftLeg02 {
				FrameTransformMatrix {
					-0.395282,-0.005340,0.918544,0.000000,
					-0.734016,0.603031,-0.312367,0.000000,
					-0.552243,-0.797700,-0.242287,0.000000,
					14.214923,-0.000000,0.000000,1.000000;;
				}
				Frame FrontLeftLeg03 {
					FrameTransformMatrix {
						0.015804,0.000017,-0.999875,0.000000,
						-0.001059,0.999999,0.000000,0.000000,
						0.999875,0.001059,0.015804,0.000000,
						28.391460,0.000000,0.000000,1.000000;;
					}
				}
			}
		}
		Frame RearRightLeg01 {
			FrameTransformMatrix {
				0.305468,0.687882,-0.658413,0.000000,
				-0.009296,0.693585,0.720315,0.000000,
				0.952157,-0.213913,0.218262,0.000000,
				-14.736715,30.774792,-40.574299,1.000000;;
			}
			Frame RearRightLeg02 {
				FrameTransformMatrix {
					-0.326420,0.004361,-0.945215,0.000000,
					0.698572,0.674753,-0.238131,0.000000,
					0.636748,-0.738031,-0.223299,0.000000,
					14.146874,-0.000000,-0.000000,1.000000;;
				}
				Frame RearRightLeg03 {
					FrameTransformMatrix {
						-0.015337,-0.000024,-0.999882,0.000000,
						0.001561,-0.999999,0.000000,0.000000,
						-0.999881,-0.001561,0.015337,0.000000,
						28.369772,-0.000000,-0.000000,1.000000;;
					}
				}
			}
		}
		Frame FrontRightLeg01 {
			FrameTransformMatrix {
				0.444739,-0.710631,-0.545171,0.000000,
				0.120710,0.650683,-0.749694,0.000000,
				0.887489,0.267611,0.375164,0.000000,
				-14.085325,-33.792622,-40.574299,1.000000;;
			}
			Frame FrontRightLeg02 {
				FrameTransformMatrix {
					-0.393921,-0.021575,-0.918891,0.000000,
					-0.735268,0.607301,0.300944,0.000000,
					0.551550,0.794179,-0.255092,0.000000,
					14.214938,-0.000000,0.000000,1.000000;;
				}
				Frame FrontRightLeg03 {
					FrameTransformMatrix {
						-0.015804,-0.000017,-0.999875,0.000000,
						0.001060,-0.999999,0.000000,0.000000,
						-0.999875,-0.001060,0.015804,0.000000,
						28.391462,0.000000,0.000000,1.000000;;
					}
				}
			}
		}
		Frame LockCTRL {
			FrameTransformMatrix {
				-0.000000,0.049204,0.998789,0.000000,
				-0.010088,0.998738,-0.049201,0.000000,
				-0.999949,-0.010076,0.000496,0.000000,
				8.793810,-45.688423,-0.000000,1.000000;;
			}
		}
		Frame LowerTeethCTRL {
			FrameTransformMatrix {
				-0.000000,-0.006277,0.999980,0.000000,
				-0.010088,0.999929,0.006276,0.000000,
				-0.999949,-0.010088,-0.000063,0.000000,
				14.634084,-27.420382,-0.000000,1.000000;;
			}
		}
	}
}
AnimationSet Take_001 {
	Animation {
		{Root}
		AnimationKey {
			4;
			23;
			0;16;
			0.000000,-0.929004,-0.370071,0.000000,
			0.000000,0.370071,-0.929004,0.000000,
			1.000000,0.000000,0.000000,0.000000,
			0.000000,21.143131,-36.418949,1.000000;;,
			1;16;
			0.000000,-0.929004,-0.370071,0.000000,
			0.000000,0.370071,-0.929004,0.000000,
			1.000000,0.000000,0.000000,0.000000,
			0.000000,21.143131,-36.229420,1.000000;;,
			2;16;
			0.000000,-0.929004,-0.370071,0.000000,
			0.000000,0.370071,-0.929004,0.000000,
			1.000000,0.000000,0.000000,0.000000,
			0.000000,21.143131,-35.714989,1.000000;;,
			3;16;
			0.000000,-0.929004,-0.370071,0.000000,
			0.000000,0.370071,-0.929004,0.000000,
			1.000000,0.000000,0.000000,0.000000,
			0.000000,21.143131,-34.956875,1.000000;;,
			4;16;
			0.000000,-0.929004,-0.370071,0.000000,
			0.000000,0.370071,-0.929004,0.000000,
			1.000000,0.000000,0.000000,0.000000,
			0.000000,21.143131,-34.036312,1.000000;;,
			5;16;
			0.000000,-0.929004,-0.370071,0.000000,
			0.000000,0.370071,-0.929004,0.000000,
			1.000000,0.000000,0.000000,0.000000,
			0.000000,21.143131,-33.034519,1.000000;;,
			6;16;
			0.000000,-0.929004,-0.370071,0.000000,
			0.000000,0.370071,-0.929004,0.000000,
			1.000000,0.000000,0.000000,0.000000,
			0.000000,21.143131,-32.032730,1.000000;;,
			7;16;
			0.000000,-0.929004,-0.370071,0.000000,
			0.000000,0.370071,-0.929004,0.000000,
			1.000000,0.000000,0.000000,0.000000,
			0.000000,21.143131,-31.112165,1.000000;;,
			8;16;
			0.000000,-0.929004,-0.370071,0.000000,
			0.000000,0.370071,-0.929004,0.000000,
			1.000000,0.000000,0.000000,0.000000,
			0.000000,21.143131,-30.354052,1.000000;;,
			9;16;
			0.000000,-0.929004,-0.370071,0.000000,
			0.000000,0.370071,-0.929004,0.000000,
			1.000000,0.000000,0.000000,0.000000,
			0.000000,21.143131,-29.839619,1.000000;;,
			10;16;
			0.000000,-0.929004,-0.370071,0.000000,
			0.000000,0.370071,-0.929004,0.000000,
			1.000000,0.000000,0.000000,0.000000,
			0.000000,21.143131,-29.650091,1.000000;;,
			11;16;
			0.000000,-0.929004,-0.370071,0.000000,
			0.000000,0.370071,-0.929004,0.000000,
			1.000000,0.000000,0.000000,0.000000,
			0.000000,21.143131,-29.783276,1.000000;;,
			12;16;
			0.000000,-0.929004,-0.370071,0.000000,
			0.000000,0.370071,-0.929004,0.000000,
			1.000000,0.000000,0.000000,0.000000,
			0.000000,21.143131,-30.151487,1.000000;;,
			13;16;
			0.000000,-0.929004,-0.370071,0.000000,
			0.000000,0.370071,-0.929004,0.000000,
			1.000000,0.000000,0.000000,0.000000,
			0.000000,21.143131,-30.707726,1.000000;;,
			14;16;
			0.000000,-0.929004,-0.370071,0.000000,
			0.000000,0.370071,-0.929004,0.000000,
			1.000000,0.000000,0.000000,0.000000,
			0.000000,21.143131,-31.404980,1.000000;;,
			15;16;
			0.000000,-0.929004,-0.370071,0.000000,
			0.000000,0.370071,-0.929004,0.000000,
			1.000000,0.000000,0.000000,0.000000,
			0.000000,21.143131,-32.196247,1.000000;;,
			16;16;
			0.000000,-0.929004,-0.370071,0.000000,
			0.000000,0.370071,-0.929004,0.000000,
			1.000000,0.000000,0.000000,0.000000,
			0.000000,21.143131,-33.034519,1.000000;;,
			17;16;
			0.000000,-0.929004,-0.370071,0.000000,
			0.000000,0.370071,-0.929004,0.000000,
			1.000000,0.000000,0.000000,0.000000,
			0.000000,21.143131,-33.872791,1.000000;;,
			18;16;
			0.000000,-0.929004,-0.370071,0.000000,
			0.000000,0.370071,-0.929004,0.000000,
			1.000000,0.000000,0.000000,0.000000,
			0.000000,21.143131,-34.664059,1.000000;;,
			19;16;
			0.000000,-0.929004,-0.370071,0.000000,
			0.000000,0.370071,-0.929004,0.000000,
			1.000000,0.000000,0.000000,0.000000,
			0.000000,21.143131,-35.361317,1.000000;;,
			20;16;
			0.000000,-0.929004,-0.370071,0.000000,
			0.000000,0.370071,-0.929004,0.000000,
			1.000000,0.000000,0.000000,0.000000,
			0.000000,21.143131,-35.917553,1.000000;;,
			21;16;
			0.000000,-0.929004,-0.370071,0.000000,
			0.000000,0.370071,-0.929004,0.000000,
			1.000000,0.000000,0.000000,0.000000,
			0.000000,21.143131,-36.285767,1.000000;;,
			22;16;
			0.000000,-0.929004,-0.370071,0.000000,
			0.000000,0.370071,-0.929004,0.000000,
			1.000000,0.000000,0.000000,0.000000,
			0.000000,21.143131,-36.418949,1.000000;;;
		}
	}
	Animation {
		{Head}
		AnimationKey {
			4;
			23;
			0;16;
			-0.382772,-0.923843,0.000000,0.000000,
			-0.923843,0.382772,-0.000000,0.000000,
			-0.000000,-0.000000,-1.000000,0.000000,
			60.937344,-2.771742,-0.000000,1.000000;;,
			1;16;
			-0.382063,-0.924136,0.000000,0.000000,
			-0.924136,0.382063,-0.000000,0.000000,
			-0.000000,-0.000000,-1.000000,0.000000,
			60.791878,-2.773824,-0.000000,1.000000;;,
			2;16;
			-0.380290,-0.924867,0.000000,0.000000,
			-0.924867,0.380290,-0.000000,0.000000,
			-0.000000,-0.000000,-1.000000,0.000000,
			60.393021,-2.779532,-0.000000,1.000000;;,
			3;16;
			-0.377629,-0.925957,0.000000,0.000000,
			-0.925957,0.377629,-0.000000,0.000000,
			-0.000000,-0.000000,-1.000000,0.000000,
			59.797077,-2.788060,-0.000000,1.000000;;,
			4;16;
			-0.374253,-0.927327,0.000000,0.000000,
			-0.927327,0.374253,-0.000000,0.000000,
			-0.000000,-0.000000,-1.000000,0.000000,
			59.060364,-2.798602,-0.000000,1.000000;;,
			5;16;
			-0.370516,-0.928826,0.000000,0.000000,
			-0.928826,0.370516,-0.000000,0.000000,
			-0.000000,-0.000000,-1.000000,0.000000,
			58.239182,-2.810354,-0.000000,1.000000;;,
			6;16;
			-0.366683,-0.930346,0.000000,0.000000,
			-0.930346,0.366683,-0.000000,0.000000,
			-0.000000,-0.000000,-1.000000,0.000000,
			57.389847,-2.822508,-0.000000,1.000000;;,
			7;16;
			-0.362934,-0.931815,0.000000,0.000000,
			-0.931815,0.362934,-0.000000,0.000000,
			-0.000000,-0.000000,-1.000000,0.000000,
			56.568668,-2.834259,-0.000000,1.000000;;,
			8;16;
			-0.359537,-0.933131,0.000000,0.000000,
			-0.933131,0.359537,-0.000000,0.000000,
			-0.000000,-0.000000,-1.000000,0.000000,
			55.831951,-2.844801,-0.000000,1.000000;;,
			9;16;
			-0.356852,-0.934161,0.000000,0.000000,
			-0.934161,0.356852,-0.000000,0.000000,
			-0.000000,-0.000000,-1.000000,0.000000,
			55.236008,-2.853329,-0.000000,1.000000;;,
			10;16;
			-0.355060,-0.934844,0.000000,0.000000,
			-0.934844,0.355060,-0.000000,0.000000,
			-0.000000,-0.000000,-1.000000,0.000000,
			54.837151,-2.859037,-0.000000,1.000000;;,
			11;16;
			-0.354343,-0.935116,0.000000,0.000000,
			-0.935116,0.354343,-0.000000,0.000000,
			-0.000000,-0.000000,-1.000000,0.000000,
			54.691685,-2.861119,-0.000000,1.000000;;,
			12;16;
			-0.355060,-0.934844,0.000000,0.000000,
			-0.934844,0.355060,-0.000000,0.000000,
			-0.000000,-0.000000,-1.000000,0.000000,
			54.837151,-2.859037,-0.000000,1.000000;;,
			13;16;
			-0.356852,-0.934161,0.000000,0.000000,
			-0.934161,0.356852,-0.000000,0.000000,
			-0.000000,-0.000000,-1.000000,0.000000,
			55.236008,-2.853329,-0.000000,1.000000;;,
			14;16;
			-0.359537,-0.933131,0.000000,0.000000,
			-0.933131,0.359537,-0.000000,0.000000,
			-0.000000,-0.000000,-1.000000,0.000000,
			55.831951,-2.844801,-0.000000,1.000000;;,
			15;16;
			-0.362934,-0.931815,0.000000,0.000000,
			-0.931815,0.362934,-0.000000,0.000000,
			-0.000000,-0.000000,-1.000000,0.000000,
			56.568668,-2.834259,-0.000000,1.000000;;,
			16;16;
			-0.366683,-0.930346,0.000000,0.000000,
			-0.930346,0.366683,-0.000000,0.000000,
			-0.000000,-0.000000,-1.000000,0.000000,
			57.389847,-2.822508,-0.000000,1.000000;;,
			17;16;
			-0.370516,-0.928826,0.000000,0.000000,
			-0.928826,0.370516,-0.000000,0.000000,
			-0.000000,-0.000000,-1.000000,0.000000,
			58.239182,-2.810354,-0.000000,1.000000;;,
			18;16;
			-0.374253,-0.927327,0.000000,0.000000,
			-0.927327,0.374253,-0.000000,0.000000,
			-0.000000,-0.000000,-1.000000,0.000000,
			59.060364,-2.798602,-0.000000,1.000000;;,
			19;16;
			-0.377629,-0.925957,0.000000,0.000000,
			-0.925957,0.377629,-0.000000,0.000000,
			-0.000000,-0.000000,-1.000000,0.000000,
			59.797077,-2.788060,-0.000000,1.000000;;,
			20;16;
			-0.380290,-0.924867,0.000000,0.000000,
			-0.924867,0.380290,-0.000000,0.000000,
			-0.000000,-0.000000,-1.000000,0.000000,
			60.393021,-2.779532,-0.000000,1.000000;;,
			21;16;
			-0.382063,-0.924136,0.000000,0.000000,
			-0.924136,0.382063,-0.000000,0.000000,
			-0.000000,-0.000000,-1.000000,0.000000,
			60.791878,-2.773824,-0.000000,1.000000;;,
			22;16;
			-0.382772,-0.923843,0.000000,0.000000,
			-0.923843,0.382772,-0.000000,0.000000,
			-0.000000,-0.000000,-1.000000,0.000000,
			60.937344,-2.771742,-0.000000,1.000000;;;
		}
	}
	Animation {
		{UpperTeethCTRL}
		AnimationKey {
			4;
			23;
			0;16;
			-0.000000,0.000000,-1.000000,0.000000,
			-0.951700,0.307029,0.000000,0.000000,
			0.307029,0.951700,-0.000000,0.000000,
			34.826504,0.000000,-0.000000,1.000000;;,
			1;16;
			-0.000000,0.000000,-1.000000,0.000000,
			-0.952404,0.304838,0.000000,0.000000,
			0.304838,0.952404,-0.000000,0.000000,
			34.842979,0.010798,-0.000000,1.000000;;,
			2;16;
			-0.000000,0.000000,-1.000000,0.000000,
			-0.954285,0.298897,0.000000,0.000000,
			0.298897,0.954285,-0.000000,0.000000,
			34.886822,0.039531,-0.000000,1.000000;;,
			3;16;
			-0.000000,0.000000,-1.000000,0.000000,
			-0.956857,0.290560,0.000000,0.000000,
			0.290560,0.956857,-0.000000,0.000000,
			34.948772,0.080127,-0.000000,1.000000;;,
			4;16;
			-0.000000,0.000000,-1.000000,0.000000,
			-0.959706,0.281005,0.000000,0.000000,
			0.281005,0.959706,-0.000000,0.000000,
			35.019646,0.126573,-0.000000,1.000000;;,
			5;16;
			-0.000000,0.000000,-1.000000,0.000000,
			-0.962512,0.271238,0.000000,0.000000,
			0.271238,0.962512,-0.000000,0.000000,
			35.091515,0.173673,-0.000000,1.000000;;,
			6;16;
			-0.000000,0.000000,-1.000000,0.000000,
			-0.965018,0.262183,0.000000,0.000000,
			0.262183,0.965018,-0.000000,0.000000,
			35.158333,0.217461,-0.000000,1.000000;;,
			7;16;
			-0.000000,0.000000,-1.000000,0.000000,
			-0.967123,0.254310,0.000000,0.000000,
			0.254310,0.967123,-0.000000,0.000000,
			35.216053,0.255287,-0.000000,1.000000;;,
			8;16;
			-0.000000,0.000000,-1.000000,0.000000,
			-0.968760,0.247999,0.000000,0.000000,
			0.247999,0.968760,-0.000000,0.000000,
			35.262390,0.285652,-0.000000,1.000000;;,
			9;16;
			-0.000000,0.000000,-1.000000,0.000000,
			-0.969938,0.243352,0.000000,0.000000,
			0.243352,0.969938,-0.000000,0.000000,
			35.296291,0.307870,-0.000000,1.000000;;,
			10;16;
			-0.000000,0.000000,-1.000000,0.000000,
			-0.970657,0.240468,0.000000,0.000000,
			0.240468,0.970657,-0.000000,0.000000,
			35.317276,0.321621,-0.000000,1.000000;;,
			11;16;
			-0.000000,0.000000,-1.000000,0.000000,
			-0.970910,0.239445,0.000000,0.000000,
			0.239445,0.970910,-0.000000,0.000000,
			35.324596,0.326419,-0.000000,1.000000;;,
			12;16;
			-0.000000,0.000000,-1.000000,0.000000,
			-0.970657,0.240468,0.000000,0.000000,
			0.240468,0.970657,-0.000000,0.000000,
			35.317276,0.321621,-0.000000,1.000000;;,
			13;16;
			-0.000000,0.000000,-1.000000,0.000000,
			-0.969938,0.243352,0.000000,0.000000,
			0.243352,0.969938,-0.000000,0.000000,
			35.296291,0.307870,-0.000000,1.000000;;,
			14;16;
			-0.000000,0.000000,-1.000000,0.000000,
			-0.968760,0.247999,0.000000,0.000000,
			0.247999,0.968760,-0.000000,0.000000,
			35.262390,0.285652,-0.000000,1.000000;;,
			15;16;
			-0.000000,0.000000,-1.000000,0.000000,
			-0.967123,0.254310,0.000000,0.000000,
			0.254310,0.967123,-0.000000,0.000000,
			35.216053,0.255287,-0.000000,1.000000;;,
			16;16;
			-0.000000,0.000000,-1.000000,0.000000,
			-0.965018,0.262183,0.000000,0.000000,
			0.262183,0.965018,-0.000000,0.000000,
			35.158333,0.217461,-0.000000,1.000000;;,
			17;16;
			-0.000000,0.000000,-1.000000,0.000000,
			-0.962512,0.271238,0.000000,0.000000,
			0.271238,0.962512,-0.000000,0.000000,
			35.091515,0.173673,-0.000000,1.000000;;,
			18;16;
			-0.000000,0.000000,-1.000000,0.000000,
			-0.959706,0.281005,0.000000,0.000000,
			0.281005,0.959706,-0.000000,0.000000,
			35.019646,0.126573,-0.000000,1.000000;;,
			19;16;
			-0.000000,0.000000,-1.000000,0.000000,
			-0.956857,0.290560,0.000000,0.000000,
			0.290560,0.956857,-0.000000,0.000000,
			34.948772,0.080127,-0.000000,1.000000;;,
			20;16;
			-0.000000,0.000000,-1.000000,0.000000,
			-0.954285,0.298897,0.000000,0.000000,
			0.298897,0.954285,-0.000000,0.000000,
			34.886822,0.039531,-0.000000,1.000000;;,
			21;16;
			-0.000000,0.000000,-1.000000,0.000000,
			-0.952404,0.304838,0.000000,0.000000,
			0.304838,0.952404,-0.000000,0.000000,
			34.842979,0.010798,-0.000000,1.000000;;,
			22;16;
			-0.000000,0.000000,-1.000000,0.000000,
			-0.951700,0.307029,0.000000,0.000000,
			0.307029,0.951700,-0.000000,0.000000,
			34.826504,0.000000,-0.000000,1.000000;;;
		}
	}
	Animation {
		{EyeCTRL}
		AnimationKey {
			4;
			23;
			0;16;
			0.865706,-0.500553,-0.000000,0.000000,
			-0.500553,-0.865706,-0.000000,0.000000,
			0.000000,0.000000,-1.000000,0.000000,
			8.724464,-10.207933,0.000000,1.000000;;,
			1;16;
			0.866185,-0.499723,-0.000000,0.000000,
			-0.499723,-0.866185,-0.000000,0.000000,
			0.000000,0.000000,-1.000000,0.000000,
			8.724464,-10.207933,0.000000,1.000000;;,
			2;16;
			0.867524,-0.497396,-0.000000,0.000000,
			-0.497396,-0.867524,-0.000000,0.000000,
			0.000000,0.000000,-1.000000,0.000000,
			8.724464,-10.207933,0.000000,1.000000;;,
			3;16;
			0.869519,-0.493899,-0.000000,0.000000,
			-0.493899,-0.869519,-0.000000,0.000000,
			0.000000,0.000000,-1.000000,0.000000,
			8.724464,-10.207933,0.000000,1.000000;;,
			4;16;
			0.871971,-0.489558,-0.000000,0.000000,
			-0.489558,-0.871971,-0.000000,0.000000,
			0.000000,0.000000,-1.000000,0.000000,
			8.724464,-10.207933,0.000000,1.000000;;,
			5;16;
			0.874726,-0.484617,-0.000000,0.000000,
			-0.484617,-0.874726,-0.000000,0.000000,
			0.000000,0.000000,-1.000000,0.000000,
			8.724464,-10.207933,0.000000,1.000000;;,
			6;16;
			0.877637,-0.479325,-0.000000,0.000000,
			-0.479325,-0.877637,-0.000000,0.000000,
			0.000000,0.000000,-1.000000,0.000000,
			8.724464,-10.207933,0.000000,1.000000;;,
			7;16;
			0.880516,-0.474016,-0.000000,0.000000,
			-0.474016,-0.880516,-0.000000,0.000000,
			0.000000,0.000000,-1.000000,0.000000,
			8.724464,-10.207933,0.000000,1.000000;;,
			8;16;
			0.883184,-0.469027,-0.000000,0.000000,
			-0.469027,-0.883184,-0.000000,0.000000,
			0.000000,0.000000,-1.000000,0.000000,
			8.724464,-10.207933,0.000000,1.000000;;,
			9;16;
			0.885511,-0.464619,-0.000000,0.000000,
			-0.464619,-0.885511,-0.000000,0.000000,
			0.000000,0.000000,-1.000000,0.000000,
			8.724464,-10.207933,0.000000,1.000000;;,
			10;16;
			0.887375,-0.461049,-0.000000,0.000000,
			-0.461049,-0.887375,-0.000000,0.000000,
			0.000000,0.000000,-1.000000,0.000000,
			8.724464,-10.207933,0.000000,1.000000;;,
			11;16;
			0.888609,-0.458666,0.000000,0.000000,
			-0.458666,-0.888609,-0.000000,0.000000,
			0.000000,0.000000,-1.000000,0.000000,
			8.724464,-10.207933,0.000000,1.000000;;,
			12;16;
			0.889048,-0.457813,0.000000,0.000000,
			-0.457813,-0.889048,-0.000000,0.000000,
			0.000000,0.000000,-1.000000,0.000000,
			8.724464,-10.207933,0.000000,1.000000;;,
			13;16;
			0.888389,-0.459091,0.000000,0.000000,
			-0.459091,-0.888389,-0.000000,0.000000,
			0.000000,0.000000,-1.000000,0.000000,
			8.724464,-10.207933,0.000000,1.000000;;,
			14;16;
			0.886711,-0.462325,-0.000000,0.000000,
			-0.462325,-0.886711,-0.000000,0.000000,
			0.000000,0.000000,-1.000000,0.000000,
			8.724464,-10.207933,0.000000,1.000000;;,
			15;16;
			0.884171,-0.467164,-0.000000,0.000000,
			-0.467164,-0.884171,-0.000000,0.000000,
			0.000000,0.000000,-1.000000,0.000000,
			8.724464,-10.207933,0.000000,1.000000;;,
			16;16;
			0.881061,-0.473002,-0.000000,0.000000,
			-0.473002,-0.881061,-0.000000,0.000000,
			0.000000,0.000000,-1.000000,0.000000,
			8.724464,-10.207933,0.000000,1.000000;;,
			17;16;
			0.877637,-0.479325,-0.000000,0.000000,
			-0.479325,-0.877637,-0.000000,0.000000,
			0.000000,0.000000,-1.000000,0.000000,
			8.724464,-10.207933,0.000000,1.000000;;,
			18;16;
			0.874168,-0.485624,-0.000000,0.000000,
			-0.485624,-0.874168,-0.000000,0.000000,
			0.000000,0.000000,-1.000000,0.000000,
			8.724464,-10.207933,0.000000,1.000000;;,
			19;16;
			0.870936,-0.491396,-0.000000,0.000000,
			-0.491396,-0.870936,-0.000000,0.000000,
			0.000000,0.000000,-1.000000,0.000000,
			8.724464,-10.207933,0.000000,1.000000;;,
			20;16;
			0.868238,-0.496148,-0.000000,0.000000,
			-0.496148,-0.868238,-0.000000,0.000000,
			0.000000,0.000000,-1.000000,0.000000,
			8.724464,-10.207933,0.000000,1.000000;;,
			21;16;
			0.866377,-0.499391,-0.000000,0.000000,
			-0.499391,-0.866377,-0.000000,0.000000,
			0.000000,0.000000,-1.000000,0.000000,
			8.724464,-10.207933,0.000000,1.000000;;,
			22;16;
			0.865706,-0.500553,-0.000000,0.000000,
			-0.500553,-0.865706,-0.000000,0.000000,
			0.000000,0.000000,-1.000000,0.000000,
			8.724464,-10.207933,0.000000,1.000000;;;
		}
	}
	Animation {
		{EyeBallCTRL}
		AnimationKey {
			4;
			23;
			0;16;
			0.000000,0.000000,1.000000,0.000000,
			-0.986450,0.164062,0.000000,0.000000,
			-0.164062,-0.986450,0.000000,0.000000,
			16.846575,0.000000,-0.000000,1.000000;;,
			1;16;
			0.000000,0.000000,1.000000,0.000000,
			-0.986450,0.164062,0.000000,0.000000,
			-0.164062,-0.986450,0.000000,0.000000,
			16.846575,0.000000,-0.000000,1.000000;;,
			2;16;
			0.000000,0.000000,1.000000,0.000000,
			-0.986450,0.164062,0.000000,0.000000,
			-0.164062,-0.986450,0.000000,0.000000,
			16.846575,0.000000,-0.000000,1.000000;;,
			3;16;
			0.000000,0.000000,1.000000,0.000000,
			-0.986450,0.164062,0.000000,0.000000,
			-0.164062,-0.986450,0.000000,0.000000,
			16.846575,0.000000,-0.000000,1.000000;;,
			4;16;
			0.000000,0.000000,1.000000,0.000000,
			-0.986450,0.164062,0.000000,0.000000,
			-0.164062,-0.986450,0.000000,0.000000,
			16.846575,0.000000,-0.000000,1.000000;;,
			5;16;
			0.000000,0.000000,1.000000,0.000000,
			-0.986450,0.164062,0.000000,0.000000,
			-0.164062,-0.986450,0.000000,0.000000,
			16.846575,0.000000,-0.000000,1.000000;;,
			6;16;
			0.000000,0.000000,1.000000,0.000000,
			-0.986450,0.164062,0.000000,0.000000,
			-0.164062,-0.986450,0.000000,0.000000,
			16.846575,0.000000,-0.000000,1.000000;;,
			7;16;
			0.000000,0.000000,1.000000,0.000000,
			-0.986450,0.164062,0.000000,0.000000,
			-0.164062,-0.986450,0.000000,0.000000,
			16.846575,0.000000,-0.000000,1.000000;;,
			8;16;
			0.000000,0.000000,1.000000,0.000000,
			-0.986450,0.164062,0.000000,0.000000,
			-0.164062,-0.986450,0.000000,0.000000,
			16.846575,0.000000,-0.000000,1.000000;;,
			9;16;
			0.000000,0.000000,1.000000,0.000000,
			-0.986450,0.164062,0.000000,0.000000,
			-0.164062,-0.986450,0.000000,0.000000,
			16.846575,0.000000,-0.000000,1.000000;;,
			10;16;
			0.000000,0.000000,1.000000,0.000000,
			-0.986450,0.164062,0.000000,0.000000,
			-0.164062,-0.986450,0.000000,0.000000,
			16.846575,0.000000,-0.000000,1.000000;;,
			11;16;
			0.000000,0.000000,1.000000,0.000000,
			-0.986450,0.164062,0.000000,0.000000,
			-0.164062,-0.986450,0.000000,0.000000,
			16.846575,0.000000,-0.000000,1.000000;;,
			12;16;
			0.000000,0.000000,1.000000,0.000000,
			-0.986450,0.164062,0.000000,0.000000,
			-0.164062,-0.986450,0.000000,0.000000,
			16.846575,0.000000,-0.000000,1.000000;;,
			13;16;
			0.000000,0.000000,1.000000,0.000000,
			-0.986450,0.164062,0.000000,0.000000,
			-0.164062,-0.986450,0.000000,0.000000,
			16.846575,0.000000,-0.000000,1.000000;;,
			14;16;
			0.000000,0.000000,1.000000,0.000000,
			-0.986450,0.164062,0.000000,0.000000,
			-0.164062,-0.986450,0.000000,0.000000,
			16.846575,0.000000,-0.000000,1.000000;;,
			15;16;
			0.000000,0.000000,1.000000,0.000000,
			-0.986450,0.164062,0.000000,0.000000,
			-0.164062,-0.986450,0.000000,0.000000,
			16.846575,0.000000,-0.000000,1.000000;;,
			16;16;
			0.000000,0.000000,1.000000,0.000000,
			-0.986450,0.164062,0.000000,0.000000,
			-0.164062,-0.986450,0.000000,0.000000,
			16.846575,0.000000,-0.000000,1.000000;;,
			17;16;
			0.000000,0.000000,1.000000,0.000000,
			-0.986450,0.164062,0.000000,0.000000,
			-0.164062,-0.986450,0.000000,0.000000,
			16.846575,0.000000,-0.000000,1.000000;;,
			18;16;
			0.000000,0.000000,1.000000,0.000000,
			-0.986450,0.164062,0.000000,0.000000,
			-0.164062,-0.986450,0.000000,0.000000,
			16.846575,0.000000,-0.000000,1.000000;;,
			19;16;
			0.000000,0.000000,1.000000,0.000000,
			-0.986450,0.164062,0.000000,0.000000,
			-0.164062,-0.986450,0.000000,0.000000,
			16.846575,0.000000,-0.000000,1.000000;;,
			20;16;
			0.000000,0.000000,1.000000,0.000000,
			-0.986450,0.164062,0.000000,0.000000,
			-0.164062,-0.986450,0.000000,0.000000,
			16.846575,0.000000,-0.000000,1.000000;;,
			21;16;
			0.000000,0.000000,1.000000,0.000000,
			-0.986450,0.164062,0.000000,0.000000,
			-0.164062,-0.986450,0.000000,0.000000,
			16.846575,0.000000,-0.000000,1.000000;;,
			22;16;
			0.000000,0.000000,1.000000,0.000000,
			-0.986450,0.164062,0.000000,0.000000,
			-0.164062,-0.986450,0.000000,0.000000,
			16.846575,0.000000,-0.000000,1.000000;;;
		}
	}
	Animation {
		{UppderEyeLid}
		AnimationKey {
			4;
			23;
			0;16;
			0.000000,0.000000,1.000000,0.000000,
			-0.999250,0.038723,0.000000,0.000000,
			-0.038723,-0.999250,0.000000,0.000000,
			16.846575,0.000000,-0.000000,1.000000;;,
			1;16;
			0.000000,0.000000,1.000000,0.000000,
			-0.999130,0.041693,0.000000,0.000000,
			-0.041693,-0.999130,0.000000,0.000000,
			16.846575,0.000000,-0.000000,1.000000;;,
			2;16;
			0.000000,0.000000,1.000000,0.000000,
			-0.998757,0.049834,0.000000,0.000000,
			-0.049834,-0.998757,0.000000,0.000000,
			16.846575,0.000000,-0.000000,1.000000;;,
			3;16;
			0.000000,0.000000,1.000000,0.000000,
			-0.998089,0.061799,0.000000,0.000000,
			-0.061799,-0.998089,0.000000,0.000000,
			16.846575,0.000000,-0.000000,1.000000;;,
			4;16;
			0.000000,0.000000,1.000000,0.000000,
			-0.997075,0.076433,0.000000,0.000000,
			-0.076433,-0.997075,0.000000,0.000000,
			16.846575,0.000000,-0.000000,1.000000;;,
			5;16;
			0.000000,0.000000,1.000000,0.000000,
			-0.995732,0.092291,0.000000,0.000000,
			-0.092291,-0.995732,0.000000,0.000000,
			16.846575,0.000000,-0.000000,1.000000;;,
			6;16;
			0.000000,0.000000,1.000000,0.000000,
			-0.994116,0.108316,0.000000,0.000000,
			-0.108316,-0.994116,0.000000,0.000000,
			16.846575,0.000000,-0.000000,1.000000;;,
			7;16;
			0.000000,0.000000,1.000000,0.000000,
			-0.992338,0.123552,0.000000,0.000000,
			-0.123552,-0.992338,0.000000,0.000000,
			16.846575,0.000000,-0.000000,1.000000;;,
			8;16;
			0.000000,0.000000,1.000000,0.000000,
			-0.990564,0.137050,0.000000,0.000000,
			-0.137050,-0.990564,0.000000,0.000000,
			16.846575,0.000000,-0.000000,1.000000;;,
			9;16;
			0.000000,0.000000,1.000000,0.000000,
			-0.988936,0.148342,0.000000,0.000000,
			-0.148342,-0.988936,0.000000,0.000000,
			16.846575,0.000000,-0.000000,1.000000;;,
			10;16;
			0.000000,0.000000,1.000000,0.000000,
			-0.987634,0.156775,0.000000,0.000000,
			-0.156775,-0.987634,0.000000,0.000000,
			16.846575,0.000000,-0.000000,1.000000;;,
			11;16;
			0.000000,0.000000,1.000000,0.000000,
			-0.986763,0.162170,0.000000,0.000000,
			-0.162170,-0.986763,0.000000,0.000000,
			16.846575,0.000000,-0.000000,1.000000;;,
			12;16;
			0.000000,0.000000,1.000000,0.000000,
			-0.986450,0.164062,0.000000,0.000000,
			-0.164062,-0.986450,0.000000,0.000000,
			16.846575,0.000000,-0.000000,1.000000;;,
			13;16;
			0.000000,0.000000,1.000000,0.000000,
			-0.986902,0.161319,0.000000,0.000000,
			-0.161319,-0.986902,0.000000,0.000000,
			16.846575,0.000000,-0.000000,1.000000;;,
			14;16;
			0.000000,0.000000,1.000000,0.000000,
			-0.988111,0.153745,0.000000,0.000000,
			-0.153745,-0.988111,0.000000,0.000000,
			16.846575,0.000000,-0.000000,1.000000;;,
			15;16;
			0.000000,0.000000,1.000000,0.000000,
			-0.989882,0.141892,0.000000,0.000000,
			-0.141892,-0.989882,0.000000,0.000000,
			16.846575,0.000000,-0.000000,1.000000;;,
			16;16;
			0.000000,0.000000,1.000000,0.000000,
			-0.991979,0.126406,0.000000,0.000000,
			-0.126406,-0.991979,0.000000,0.000000,
			16.846575,0.000000,-0.000000,1.000000;;,
			17;16;
			0.000000,0.000000,1.000000,0.000000,
			-0.994116,0.108316,0.000000,0.000000,
			-0.108316,-0.994116,0.000000,0.000000,
			16.846575,0.000000,-0.000000,1.000000;;,
			18;16;
			0.000000,0.000000,1.000000,0.000000,
			-0.996028,0.089044,0.000000,0.000000,
			-0.089044,-0.996028,0.000000,0.000000,
			16.846575,0.000000,-0.000000,1.000000;;,
			19;16;
			0.000000,0.000000,1.000000,0.000000,
			-0.997525,0.070313,0.000000,0.000000,
			-0.070313,-0.997525,0.000000,0.000000,
			16.846575,0.000000,-0.000000,1.000000;;,
			20;16;
			0.000000,0.000000,1.000000,0.000000,
			-0.998528,0.054238,0.000000,0.000000,
			-0.054238,-0.998528,0.000000,0.000000,
			16.846575,0.000000,-0.000000,1.000000;;,
			21;16;
			0.000000,0.000000,1.000000,0.000000,
			-0.999078,0.042938,0.000000,0.000000,
			-0.042938,-0.999078,0.000000,0.000000,
			16.846575,0.000000,-0.000000,1.000000;;,
			22;16;
			0.000000,0.000000,1.000000,0.000000,
			-0.999250,0.038723,0.000000,0.000000,
			-0.038723,-0.999250,0.000000,0.000000,
			16.846575,0.000000,-0.000000,1.000000;;;
		}
	}
	Animation {
		{LowerEyelid}
		AnimationKey {
			4;
			23;
			0;16;
			0.000000,0.000000,1.000000,0.000000,
			-0.986450,0.164062,0.000000,0.000000,
			-0.164062,-0.986450,0.000000,0.000000,
			16.846575,0.000000,-0.000000,1.000000;;,
			1;16;
			0.000000,0.000000,1.000000,0.000000,
			-0.986450,0.164062,0.000000,0.000000,
			-0.164062,-0.986450,0.000000,0.000000,
			16.846575,0.000000,-0.000000,1.000000;;,
			2;16;
			0.000000,0.000000,1.000000,0.000000,
			-0.986450,0.164062,0.000000,0.000000,
			-0.164062,-0.986450,0.000000,0.000000,
			16.846575,0.000000,-0.000000,1.000000;;,
			3;16;
			0.000000,0.000000,1.000000,0.000000,
			-0.986450,0.164062,0.000000,0.000000,
			-0.164062,-0.986450,0.000000,0.000000,
			16.846575,0.000000,-0.000000,1.000000;;,
			4;16;
			0.000000,0.000000,1.000000,0.000000,
			-0.986450,0.164062,0.000000,0.000000,
			-0.164062,-0.986450,0.000000,0.000000,
			16.846575,0.000000,-0.000000,1.000000;;,
			5;16;
			0.000000,0.000000,1.000000,0.000000,
			-0.986450,0.164062,0.000000,0.000000,
			-0.164062,-0.986450,0.000000,0.000000,
			16.846575,0.000000,-0.000000,1.000000;;,
			6;16;
			0.000000,0.000000,1.000000,0.000000,
			-0.986450,0.164062,0.000000,0.000000,
			-0.164062,-0.986450,0.000000,0.000000,
			16.846575,0.000000,-0.000000,1.000000;;,
			7;16;
			0.000000,0.000000,1.000000,0.000000,
			-0.986450,0.164062,0.000000,0.000000,
			-0.164062,-0.986450,0.000000,0.000000,
			16.846575,0.000000,-0.000000,1.000000;;,
			8;16;
			0.000000,0.000000,1.000000,0.000000,
			-0.986450,0.164062,0.000000,0.000000,
			-0.164062,-0.986450,0.000000,0.000000,
			16.846575,0.000000,-0.000000,1.000000;;,
			9;16;
			0.000000,0.000000,1.000000,0.000000,
			-0.986450,0.164062,0.000000,0.000000,
			-0.164062,-0.986450,0.000000,0.000000,
			16.846575,0.000000,-0.000000,1.000000;;,
			10;16;
			0.000000,0.000000,1.000000,0.000000,
			-0.986450,0.164062,0.000000,0.000000,
			-0.164062,-0.986450,0.000000,0.000000,
			16.846575,0.000000,-0.000000,1.000000;;,
			11;16;
			0.000000,0.000000,1.000000,0.000000,
			-0.986450,0.164062,0.000000,0.000000,
			-0.164062,-0.986450,0.000000,0.000000,
			16.846575,0.000000,-0.000000,1.000000;;,
			12;16;
			0.000000,0.000000,1.000000,0.000000,
			-0.986450,0.164062,0.000000,0.000000,
			-0.164062,-0.986450,0.000000,0.000000,
			16.846575,0.000000,-0.000000,1.000000;;,
			13;16;
			0.000000,0.000000,1.000000,0.000000,
			-0.986450,0.164062,0.000000,0.000000,
			-0.164062,-0.986450,0.000000,0.000000,
			16.846575,0.000000,-0.000000,1.000000;;,
			14;16;
			0.000000,0.000000,1.000000,0.000000,
			-0.986450,0.164062,0.000000,0.000000,
			-0.164062,-0.986450,0.000000,0.000000,
			16.846575,0.000000,-0.000000,1.000000;;,
			15;16;
			0.000000,0.000000,1.000000,0.000000,
			-0.986450,0.164062,0.000000,0.000000,
			-0.164062,-0.986450,0.000000,0.000000,
			16.846575,0.000000,-0.000000,1.000000;;,
			16;16;
			0.000000,0.000000,1.000000,0.000000,
			-0.986450,0.164062,0.000000,0.000000,
			-0.164062,-0.986450,0.000000,0.000000,
			16.846575,0.000000,-0.000000,1.000000;;,
			17;16;
			0.000000,0.000000,1.000000,0.000000,
			-0.986450,0.164062,0.000000,0.000000,
			-0.164062,-0.986450,0.000000,0.000000,
			16.846575,0.000000,-0.000000,1.000000;;,
			18;16;
			0.000000,0.000000,1.000000,0.000000,
			-0.986450,0.164062,0.000000,0.000000,
			-0.164062,-0.986450,0.000000,0.000000,
			16.846575,0.000000,-0.000000,1.000000;;,
			19;16;
			0.000000,0.000000,1.000000,0.000000,
			-0.986450,0.164062,0.000000,0.000000,
			-0.164062,-0.986450,0.000000,0.000000,
			16.846575,0.000000,-0.000000,1.000000;;,
			20;16;
			0.000000,0.000000,1.000000,0.000000,
			-0.986450,0.164062,0.000000,0.000000,
			-0.164062,-0.986450,0.000000,0.000000,
			16.846575,0.000000,-0.000000,1.000000;;,
			21;16;
			0.000000,0.000000,1.000000,0.000000,
			-0.986450,0.164062,0.000000,0.000000,
			-0.164062,-0.986450,0.000000,0.000000,
			16.846575,0.000000,-0.000000,1.000000;;,
			22;16;
			0.000000,0.000000,1.000000,0.000000,
			-0.986450,0.164062,0.000000,0.000000,
			-0.164062,-0.986450,0.000000,0.000000,
			16.846575,0.000000,-0.000000,1.000000;;;
		}
	}
	Animation {
		{RearLeftLeg01}
		AnimationKey {
			4;
			23;
			0;16;
			-0.170110,0.751294,0.637667,0.000000,
			-0.230365,0.598850,-0.767014,0.000000,
			-0.958120,-0.277373,0.071202,0.000000,
			-14.736686,30.774757,40.574268,1.000000;;,
			1;16;
			-0.156752,0.752558,0.639598,0.000000,
			-0.225302,0.603281,-0.765043,0.000000,
			-0.961597,-0.264024,0.074987,0.000000,
			-14.736686,30.774757,40.574268,1.000000;;,
			2;16;
			-0.120428,0.755321,0.644195,0.000000,
			-0.211277,0.614550,-0.760059,0.000000,
			-0.969979,-0.227636,0.085573,0.000000,
			-14.736686,30.774757,40.574268,1.000000;;,
			3;16;
			-0.066902,0.757447,0.649460,0.000000,
			-0.190144,0.629311,-0.753534,0.000000,
			-0.979474,-0.173904,0.101922,0.000000,
			-14.736686,30.774757,40.574268,1.000000;;,
			4;16;
			-0.001573,0.757078,0.653322,0.000000,
			-0.163729,0.644312,-0.747031,0.000000,
			-0.986504,-0.108143,0.122942,0.000000,
			-14.736686,30.774757,40.574268,1.000000;;,
			5;16;
			0.069697,0.752864,0.654475,0.000000,
			-0.134325,0.657178,-0.741669,0.000000,
			-0.988483,-0.036220,0.146932,0.000000,
			-14.736686,30.774757,40.574268,1.000000;;,
			6;16;
			0.141273,0.744619,0.652368,0.000000,
			-0.104205,0.666501,-0.738185,0.000000,
			-0.984471,0.036305,0.171751,0.000000,
			-14.736686,30.774757,40.574268,1.000000;;,
			7;16;
			0.207137,0.733403,0.647468,0.000000,
			-0.076359,0.671922,-0.736675,0.000000,
			-0.975327,0.103153,0.195182,0.000000,
			-14.736686,30.774757,40.574268,1.000000;;,
			8;16;
			0.261435,0.721433,0.641238,0.000000,
			-0.053230,0.674108,-0.736712,0.000000,
			-0.963752,0.158469,0.214637,0.000000,
			-14.736686,30.774757,40.574268,1.000000;;,
			9;16;
			0.298289,0.711833,0.635860,0.000000,
			-0.037490,0.674411,-0.737404,0.000000,
			-0.953739,0.196121,0.227856,0.000000,
			-14.736686,30.774757,40.574268,1.000000;;,
			10;16;
			0.311795,0.709005,0.632532,0.000000,
			-0.037420,0.674365,-0.737450,0.000000,
			-0.949412,0.206264,0.236794,0.000000,
			-14.736686,30.774757,40.574268,1.000000;;,
			11;16;
			0.302311,0.710995,0.634897,0.000000,
			-0.037399,0.674397,-0.737421,0.000000,
			-0.952475,0.199186,0.230468,0.000000,
			-14.736686,30.774757,40.574268,1.000000;;,
			12;16;
			0.275949,0.717803,0.639227,0.000000,
			-0.046991,0.674329,-0.736935,0.000000,
			-0.960023,0.173318,0.219811,0.000000,
			-14.736686,30.774757,40.574268,1.000000;;,
			13;16;
			0.236150,0.727342,0.644365,0.000000,
			-0.063997,0.673322,-0.736574,0.000000,
			-0.969607,0.132705,0.205553,0.000000,
			-14.736686,30.774757,40.574268,1.000000;;,
			14;16;
			0.186151,0.737382,0.649319,0.000000,
			-0.085218,0.670497,-0.737002,0.000000,
			-0.978818,0.081860,0.187652,0.000000,
			-14.736686,30.774757,40.574268,1.000000;;,
			15;16;
			0.129575,0.746234,0.652951,0.000000,
			-0.109160,0.665235,-0.738611,0.000000,
			-0.985543,0.024430,0.167657,0.000000,
			-14.736686,30.774757,40.574268,1.000000;;,
			16;16;
			0.069697,0.752864,0.654475,0.000000,
			-0.134325,0.657178,-0.741669,0.000000,
			-0.988483,-0.036220,0.146932,0.000000,
			-14.736686,30.774757,40.574268,1.000000;;,
			17;16;
			0.010043,0.756672,0.653717,0.000000,
			-0.158998,0.646641,-0.746039,0.000000,
			-0.987228,-0.096448,0.126803,0.000000,
			-14.736686,30.774757,40.574268,1.000000;;,
			18;16;
			-0.046101,0.757673,0.651004,0.000000,
			-0.181822,0.634446,-0.751278,0.000000,
			-0.982250,-0.153002,0.108513,0.000000,
			-14.736686,30.774757,40.574268,1.000000;;,
			19;16;
			-0.095515,0.756599,0.646866,0.000000,
			-0.201530,0.621682,-0.756900,0.000000,
			-0.974814,-0.202658,0.093098,0.000000,
			-14.736686,30.774757,40.574268,1.000000;;,
			20;16;
			-0.134713,0.754355,0.642495,0.000000,
			-0.216863,0.610241,-0.761956,0.000000,
			-0.966862,-0.241978,0.081384,0.000000,
			-14.736686,30.774757,40.574268,1.000000;;,
			21;16;
			-0.160734,0.752220,0.639007,0.000000,
			-0.226859,0.601935,-0.765643,0.000000,
			-0.960572,-0.268030,0.073896,0.000000,
			-14.736686,30.774757,40.574268,1.000000;;,
			22;16;
			-0.170110,0.751294,0.637667,0.000000,
			-0.230365,0.598850,-0.767014,0.000000,
			-0.958120,-0.277373,0.071202,0.000000,
			-14.736686,30.774757,40.574268,1.000000;;;
		}
	}
	Animation {
		{RearLeftLeg02}
		AnimationKey {
			4;
			23;
			0;16;
			0.118972,0.172208,0.977850,0.000000,
			0.769092,0.606890,-0.200452,0.000000,
			-0.627967,0.775905,-0.060241,0.000000,
			14.146868,-0.000000,0.000000,1.000000;;,
			1;16;
			0.104762,0.167304,0.980323,0.000000,
			0.769278,0.611089,-0.186499,0.000000,
			-0.630267,0.773679,-0.064684,0.000000,
			14.146868,-0.000000,0.000000,1.000000;;,
			2;16;
			0.066438,0.153869,0.985855,0.000000,
			0.768967,0.621716,-0.148857,0.000000,
			-0.635827,0.767980,-0.077014,0.000000,
			14.146868,-0.000000,0.000000,1.000000;;,
			3;16;
			0.011222,0.133722,0.990955,0.000000,
			0.766463,0.635312,-0.094410,0.000000,
			-0.642190,0.760590,-0.095363,0.000000,
			14.146868,-0.000000,0.000000,1.000000;;,
			4;16;
			-0.053921,0.108704,0.992611,0.000000,
			0.760393,0.648782,-0.029744,0.000000,
			-0.647221,0.753171,-0.117641,0.000000,
			14.146868,-0.000000,0.000000,1.000000;;,
			5;16;
			-0.122358,0.081114,0.989166,0.000000,
			0.750348,0.659909,0.038703,0.000000,
			-0.649620,0.746954,-0.141609,0.000000,
			14.146868,-0.000000,0.000000,1.000000;;,
			6;16;
			-0.188366,0.053435,0.980644,0.000000,
			0.737021,0.667633,0.105191,0.000000,
			-0.649090,0.742570,-0.165142,0.000000,
