xof 0303txt 0032
Frame ChestMesh {
	FrameTransformMatrix {
		1.000000,0.000000,0.000000,0.000000,
		0.000000,1.000000,0.000000,0.000000,
		0.000000,0.000000,1.000000,0.000000,
		0.000000,0.000000,0.000000,1.000000;;
	}
}
Frame Root {
	FrameTransformMatrix {
		-0.095503,-0.909687,-0.404165,0.000000,
		-0.035628,0.408885,-0.911890,0.000000,
		0.994791,-0.072688,-0.071460,0.000000,
		1.485942,21.249958,-31.330513,1.000000;;
	}
	Frame Body {
		FrameTransformMatrix {
			0.408029,0.912969,0.000000,0.000000,
			-0.912969,0.408029,0.000000,0.000000,
			-0.000000,-0.000000,1.000000,0.000000,
			21.474360,0.000000,0.000000,1.000000;;
		}
		Frame Head {
			FrameTransformMatrix {
				-0.133967,-0.988259,0.073461,0.000000,
				-0.990929,0.134384,0.000741,0.000000,
				-0.010604,-0.072696,-0.997298,0.000000,
				65.861732,-4.409501,-1.996721,1.000000;;
			}
			Frame UpperTeethCTRL {
				FrameTransformMatrix {
					-0.000000,0.000000,-1.000000,0.000000,
					-0.951689,0.307065,0.000000,0.000000,
					0.307065,0.951689,-0.000000,0.000000,
					34.826504,0.000000,-0.000000,1.000000;;
				}
			}
			Frame EyeCTRL {
				FrameTransformMatrix {
					0.909085,-0.416612,0.000000,0.000000,
					-0.416612,-0.909085,0.000000,0.000000,
					-0.000000,-0.000000,-1.000000,0.000000,
					8.724464,-10.207933,0.000000,1.000000;;
				}
				Frame EyeBallCTRL {
					FrameTransformMatrix {
						-0.000000,0.072994,0.997332,0.000000,
						-0.986443,0.163665,-0.011979,0.000000,
						-0.164103,-0.983812,0.072004,0.000000,
						16.846575,0.000000,-0.000000,1.000000;;
					}
				}
				Frame UppderEyeLid {
					FrameTransformMatrix {
						-0.000000,-0.125701,0.992068,0.000000,
						-0.986443,0.162802,0.020628,0.000000,
						-0.164103,-0.978619,-0.123997,0.000000,
						16.846575,0.000000,-0.000000,1.000000;;
					}
				}
				Frame LowerEyelid {
					FrameTransformMatrix {
						-0.000000,0.000000,1.000000,0.000000,
						-0.986443,0.164103,-0.000000,0.000000,
						-0.164103,-0.986443,-0.000000,0.000000,
						16.846575,0.000000,-0.000000,1.000000;;
					}
				}
			}
		}
		Frame RearLeftLeg01 {
			FrameTransformMatrix {
				-0.044175,0.665079,0.745466,0.000000,
				0.118765,0.744399,-0.657089,0.000000,
				-0.991939,0.059508,-0.111872,0.000000,
				-14.736686,30.774757,40.574268,1.000000;;
			}
			Frame RearLeftLeg02 {
				FrameTransformMatrix {
					-0.101650,-0.075930,0.991918,0.000000,
					0.234960,0.967041,0.098104,0.000000,
					-0.966675,0.243034,-0.080459,0.000000,
					14.146868,-0.000000,0.000000,1.000000;;
				}
				Frame RearLeftLeg03 {
					FrameTransformMatrix {
						0.015337,0.000024,-0.999882,0.000000,
						-0.001560,0.999999,0.000000,0.000000,
						0.999881,0.001560,0.015337,0.000000,
						28.369816,-0.000000,-0.000000,1.000000;;
					}
				}
			}
		}
		Frame FrontLeftLeg01 {
			FrameTransformMatrix {
				0.268266,-0.807130,0.525904,0.000000,
				0.050405,0.556927,0.829031,0.000000,
				-0.962025,-0.195892,0.190088,0.000000,
				-14.085297,-33.792656,40.574268,1.000000;;
			}
			Frame FrontLeftLeg02 {
				FrameTransformMatrix {
					-0.162257,0.100012,0.981667,0.000000,
					-0.412324,0.896960,-0.159534,0.000000,
					-0.896472,-0.430650,-0.104301,0.000000,
					14.214923,-0.000000,0.000000,1.000000;;
				}
				Frame FrontLeftLeg03 {
					FrameTransformMatrix {
						0.015804,0.000017,-0.999875,0.000000,
						-0.001059,0.999999,0.000000,0.000000,
						0.999875,0.001059,0.015804,0.000000,
						28.391460,0.000000,0.000000,1.000000;;
					}
				}
			}
		}
		Frame RearRightLeg01 {
			FrameTransformMatrix {
				-0.120149,0.223315,-0.967313,0.000000,
				0.304844,0.935596,0.178128,0.000000,
				0.944793,-0.273478,-0.180487,0.000000,
				-14.736715,30.774792,-40.574299,1.000000;;
			}
			Frame RearRightLeg02 {
				FrameTransformMatrix {
					-0.305315,-0.013943,-0.952149,0.000000,
					0.662080,0.715555,-0.222781,0.000000,
					0.684422,-0.698417,-0.209238,0.000000,
					14.146874,-0.000000,-0.000000,1.000000;;
				}
				Frame RearRightLeg03 {
					FrameTransformMatrix {
						-0.015337,-0.000024,-0.999882,0.000000,
						0.001561,-0.999999,0.000000,0.000000,
						-0.999881,-0.001561,0.015337,0.000000,
						28.369772,-0.000000,-0.000000,1.000000;;
					}
				}
			}
		}
		Frame FrontRightLeg01 {
			FrameTransformMatrix {
				0.323116,-0.339232,-0.883469,0.000000,
				-0.051807,0.925805,-0.374435,0.000000,
				0.944940,0.166755,0.281568,0.000000,
				-14.085325,-33.792622,-40.574299,1.000000;;
			}
			Frame FrontRightLeg02 {
				FrameTransformMatrix {
					-0.495478,-0.099905,-0.862856,0.000000,
					-0.770032,0.510178,0.383105,0.000000,
					0.401937,0.854247,-0.329712,0.000000,
					14.214938,-0.000000,0.000000,1.000000;;
				}
				Frame FrontRightLeg03 {
					FrameTransformMatrix {
						-0.015804,-0.000017,-0.999875,0.000000,
						0.001060,-0.999999,0.000000,0.000000,
						-0.999875,-0.001060,0.015804,0.000000,
						28.391462,0.000000,0.000000,1.000000;;
					}
				}
			}
		}
		Frame LockCTRL {
			FrameTransformMatrix {
				-0.115390,-0.000000,0.993320,0.000000,
				-0.010021,0.999949,-0.001164,0.000000,
				-0.993270,-0.010088,-0.115384,0.000000,
				10.207417,-45.630051,-0.000000,1.000000;;
			}
		}
		Frame LowerTeethCTRL {
			FrameTransformMatrix {
				-0.000000,0.000000,1.000000,0.000000,
				-0.010088,0.999949,-0.000000,0.000000,
				-0.999949,-0.010088,-0.000000,0.000000,
				13.351291,-27.430490,-0.000000,1.000000;;
			}
		}
	}
}
AnimationSet Take_001 {
	Animation {
		{Root}
		AnimationKey {
			4;
			17;
			0;16;
			-0.071461,-0.941244,-0.330080,0.000000,
			0.006981,0.330446,-0.943799,0.000000,
			0.997419,-0.069749,-0.017043,0.000000,
			1.485942,21.249958,-31.330513,1.000000;;,
			1;16;
			-0.065052,-0.937633,-0.341486,0.000000,
			0.007558,0.341738,-0.939765,0.000000,
			0.997853,-0.063715,-0.015144,0.000000,
			1.358425,21.258490,-30.400297,1.000000;;,
			2;16;
			-0.048493,-0.929216,-0.366342,0.000000,
			0.007757,0.366412,-0.930420,0.000000,
			0.998793,-0.047961,-0.010561,0.000000,
			1.022023,21.277315,-32.623741,1.000000;;,
			3;16;
			-0.025500,-0.920056,-0.390955,0.000000,
			0.005559,0.390946,-0.920397,0.000000,
			0.999659,-0.025643,-0.004855,0.000000,
			0.546003,21.294849,-36.095882,1.000000;;,
			4;16;
			0.000096,-0.915603,-0.402084,0.000000,
			0.000288,0.402084,-0.915603,0.000000,
			1.000000,-0.000028,0.000302,0.000000,
			0.000000,21.301847,-38.911747,1.000000;;,
			5;16;
			0.025787,-0.920050,-0.390952,0.000000,
			-0.004983,0.390959,-0.920394,0.000000,
			0.999655,0.025683,0.005497,0.000000,
			-0.546003,21.294849,-39.372929,1.000000;;,
			6;16;
			0.048780,-0.929203,-0.366337,0.000000,
			-0.007182,0.366437,-0.930415,0.000000,
			0.998784,0.048017,0.011202,0.000000,
			-1.022023,21.277315,-37.657074,1.000000;;,
			7;16;
			0.065339,-0.937615,-0.341479,0.000000,
			-0.006888,0.341779,-0.939755,0.000000,
			0.997839,0.063755,0.015873,0.000000,
			-1.358425,21.258490,-34.673248,1.000000;;,
			8;16;
			0.071652,-0.941231,-0.330075,0.000000,
			-0.006311,0.330491,-0.943788,0.000000,
			0.997410,0.069707,0.017740,0.000000,
			-1.485942,21.249958,-31.330513,1.000000;;,
			9;16;
			0.065339,-0.937812,-0.340940,0.000000,
			-0.006888,0.341238,-0.939952,0.000000,
			0.997839,0.063764,0.015837,0.000000,
			-1.358425,21.258490,-30.361353,1.000000;;,
			10;16;
			0.048780,-0.929869,-0.364643,0.000000,
			-0.007086,0.364746,-0.931080,0.000000,
			0.998784,0.048002,0.011203,0.000000,
			-1.022023,21.277315,-32.596985,1.000000;;,
			11;16;
			0.025787,-0.921245,-0.388128,0.000000,
			-0.004888,0.388136,-0.921589,0.000000,
			0.999655,0.025662,0.005506,0.000000,
			-0.546003,21.294849,-36.094688,1.000000;;,
			12;16;
			0.000096,-0.917062,-0.398745,0.000000,
			0.000288,0.398745,-0.917062,0.000000,
			1.000000,-0.000027,0.000302,0.000000,
			0.000000,21.301847,-38.911747,1.000000;;,
			13;16;
			-0.025500,-0.921251,-0.388131,0.000000,
			0.005559,0.388120,-0.921592,0.000000,
			0.999659,-0.025658,-0.004776,0.000000,
			0.546003,21.294849,-39.347889,1.000000;;,
			14;16;
			-0.048493,-0.929882,-0.364648,0.000000,
			0.007661,0.364720,-0.931085,0.000000,
			0.998794,-0.047945,-0.010563,0.000000,
			1.022022,21.277315,-37.613869,1.000000;;,
			15;16;
			-0.065148,-0.937824,-0.340944,0.000000,
			0.007558,0.341196,-0.939962,0.000000,
			0.997847,-0.063813,-0.015140,0.000000,
			1.358425,21.258490,-34.633480,1.000000;;,
			16;16;
			-0.071461,-0.941244,-0.330080,0.000000,
			0.006981,0.330446,-0.943799,0.000000,
			0.997419,-0.069749,-0.017043,0.000000,
			1.485942,21.249958,-31.330513,1.000000;;;
		}
	}
	Animation {
		{Head}
		AnimationKey {
			4;
			17;
			0;16;
			-0.451380,-0.892048,0.022529,0.000000,
			-0.889378,0.451795,0.069913,0.000000,
			-0.072544,0.011521,-0.997299,0.000000,
			65.861732,-4.409501,-1.996721,1.000000;;,
			1;16;
			-0.431803,-0.901762,0.019270,0.000000,
			-0.899465,0.432097,0.065231,0.000000,
			-0.067149,0.010835,-0.997684,0.000000,
			66.880257,-4.392477,-1.859743,1.000000;;,
			2;16;
			-0.384074,-0.923228,0.011696,0.000000,
			-0.921807,0.384142,0.052032,0.000000,
			-0.052531,0.009202,-0.998577,0.000000,
			69.309052,-4.351881,-1.492642,1.000000;;,
			3;16;
			-0.325580,-0.945507,0.003739,0.000000,
			-0.945014,0.325534,0.031249,0.000000,
			-0.030764,0.006641,-0.999505,0.000000,
			72.207939,-4.303428,-0.961166,1.000000;;,
			4;16;
			-0.275387,-0.961331,-0.002300,0.000000,
			-0.961324,0.275373,0.005081,0.000000,
			-0.004251,0.003611,-0.999984,0.000000,
			74.636734,-4.262832,-0.331067,1.000000;;,
			5;16;
			-0.253933,-0.967200,-0.006519,0.000000,
			-0.966903,0.254017,-0.023966,0.000000,
			0.024836,0.000218,-0.999691,0.000000,
			75.655258,-4.245808,0.331908,1.000000;;,
			6;16;
			-0.285769,-0.958235,-0.011025,0.000000,
			-0.956759,0.285942,-0.053373,0.000000,
			0.054296,-0.004704,-0.998514,0.000000,
			74.124275,-4.269625,0.962007,1.000000;;,
			7;16;
			-0.354461,-0.934888,-0.018502,0.000000,
			-0.931489,0.354765,-0.080433,0.000000,
			0.081760,-0.011276,-0.996588,0.000000,
			70.756096,-4.322022,1.493482,1.000000;;,
			8;16;
			-0.420954,-0.906620,-0.028950,0.000000,
			-0.900983,0.421606,-0.102362,0.000000,
			0.105009,-0.017007,-0.994326,0.000000,
			67.387917,-4.374419,1.860584,1.000000;;,
			9;16;
			-0.449888,-0.892282,-0.037861,0.000000,
			-0.884751,0.451067,-0.117282,0.000000,
			0.121726,-0.019266,-0.992377,0.000000,
			65.856934,-4.398236,1.997562,1.000000;;,
			10;16;
			-0.419637,-0.906968,-0.036232,0.000000,
			-0.899657,0.420891,-0.116052,0.000000,
			0.120505,-0.016103,-0.992582,0.000000,
			67.387917,-4.374419,1.776305,1.000000;;,
			11;16;
			-0.352166,-0.935593,-0.025403,0.000000,
			-0.930955,0.352959,-0.093502,0.000000,
			0.096446,-0.009279,-0.995295,0.000000,
			70.756096,-4.322022,1.205693,1.000000;;,
			12;16;
			-0.282450,-0.959181,-0.013901,0.000000,
			-0.957529,0.282779,-0.056339,0.000000,
			0.057970,-0.002602,-0.998315,0.000000,
			74.124275,-4.269625,0.425468,1.000000;;,
			13;16;
			-0.250133,-0.968205,-0.003547,0.000000,
			-0.968117,0.250158,-0.013038,0.000000,
			0.013511,0.000173,-0.999909,0.000000,
			75.655258,-4.245808,-0.424627,1.000000;;,
			14;16;
			-0.304011,-0.952650,0.005944,0.000000,
			-0.952235,0.304054,0.028278,0.000000,
			-0.028747,0.002937,-0.999582,0.000000,
			73.116203,-4.288247,-1.204851,1.000000;;,
			15;16;
			-0.401064,-0.915903,0.016394,0.000000,
			-0.914070,0.401309,0.058537,0.000000,
			-0.060194,0.008492,-0.998151,0.000000,
			68.400795,-4.367062,-1.775463,1.000000;;,
			16;16;
			-0.451380,-0.892048,0.022529,0.000000,
			-0.889378,0.451795,0.069913,0.000000,
			-0.072544,0.011521,-0.997299,0.000000,
			65.861732,-4.409501,-1.996721,1.000000;;;
		}
	}
	Animation {
		{UpperTeethCTRL}
		AnimationKey {
			4;
			17;
			0;16;
			-0.000000,0.000000,-1.000000,0.000000,
			-0.951700,0.307029,0.000000,0.000000,
			0.307029,0.951700,-0.000000,0.000000,
			34.826504,0.000000,-0.000000,1.000000;;,
			1;16;
			-0.000000,0.000000,-1.000000,0.000000,
			-0.951700,0.307029,0.000000,0.000000,
			0.307029,0.951700,-0.000000,0.000000,
			34.826504,0.000000,-0.000000,1.000000;;,
			2;16;
			-0.000000,0.000000,-1.000000,0.000000,
			-0.951700,0.307029,0.000000,0.000000,
			0.307029,0.951700,-0.000000,0.000000,
			34.826504,0.000000,-0.000000,1.000000;;,
			3;16;
			-0.000000,0.000000,-1.000000,0.000000,
			-0.951700,0.307029,0.000000,0.000000,
			0.307029,0.951700,-0.000000,0.000000,
			34.826504,0.000000,-0.000000,1.000000;;,
			4;16;
			-0.000000,0.000000,-1.000000,0.000000,
			-0.951700,0.307029,0.000000,0.000000,
			0.307029,0.951700,-0.000000,0.000000,
			34.826504,0.000000,-0.000000,1.000000;;,
			5;16;
			-0.000000,0.000000,-1.000000,0.000000,
			-0.951700,0.307029,0.000000,0.000000,
			0.307029,0.951700,-0.000000,0.000000,
			34.826504,0.000000,-0.000000,1.000000;;,
			6;16;
			-0.000000,0.000000,-1.000000,0.000000,
			-0.951700,0.307029,0.000000,0.000000,
			0.307029,0.951700,-0.000000,0.000000,
			34.826504,0.000000,-0.000000,1.000000;;,
			7;16;
			-0.000000,0.000000,-1.000000,0.000000,
			-0.951700,0.307029,0.000000,0.000000,
			0.307029,0.951700,-0.000000,0.000000,
			34.826504,0.000000,-0.000000,1.000000;;,
			8;16;
			-0.000000,0.000000,-1.000000,0.000000,
			-0.951700,0.307029,0.000000,0.000000,
			0.307029,0.951700,-0.000000,0.000000,
			34.826504,0.000000,-0.000000,1.000000;;,
			9;16;
			-0.000000,0.000000,-1.000000,0.000000,
			-0.951700,0.307029,0.000000,0.000000,
			0.307029,0.951700,-0.000000,0.000000,
			34.826504,0.000000,-0.000000,1.000000;;,
			10;16;
			-0.000000,0.000000,-1.000000,0.000000,
			-0.951700,0.307029,0.000000,0.000000,
			0.307029,0.951700,-0.000000,0.000000,
			34.826504,0.000000,-0.000000,1.000000;;,
			11;16;
			-0.000000,0.000000,-1.000000,0.000000,
			-0.951700,0.307029,0.000000,0.000000,
			0.307029,0.951700,-0.000000,0.000000,
			34.826504,0.000000,-0.000000,1.000000;;,
			12;16;
			-0.000000,0.000000,-1.000000,0.000000,
			-0.951700,0.307029,0.000000,0.000000,
			0.307029,0.951700,-0.000000,0.000000,
			34.826504,0.000000,-0.000000,1.000000;;,
			13;16;
			-0.000000,0.000000,-1.000000,0.000000,
			-0.951700,0.307029,0.000000,0.000000,
			0.307029,0.951700,-0.000000,0.000000,
			34.826504,0.000000,-0.000000,1.000000;;,
			14;16;
			-0.000000,0.000000,-1.000000,0.000000,
			-0.951700,0.307029,0.000000,0.000000,
			0.307029,0.951700,-0.000000,0.000000,
			34.826504,0.000000,-0.000000,1.000000;;,
			15;16;
			-0.000000,0.000000,-1.000000,0.000000,
			-0.951700,0.307029,0.000000,0.000000,
			0.307029,0.951700,-0.000000,0.000000,
			34.826504,0.000000,-0.000000,1.000000;;,
			16;16;
			-0.000000,0.000000,-1.000000,0.000000,
			-0.951700,0.307029,0.000000,0.000000,
			0.307029,0.951700,-0.000000,0.000000,
			34.826504,0.000000,-0.000000,1.000000;;;
		}
	}
	Animation {
		{EyeCTRL}
		AnimationKey {
			4;
			17;
			0;16;
			0.865706,-0.500553,-0.000000,0.000000,
			-0.500553,-0.865706,-0.000000,0.000000,
			0.000000,0.000000,-1.000000,0.000000,
			8.724464,-10.207933,0.000000,1.000000;;,
			1;16;
			0.865706,-0.500553,-0.000000,0.000000,
			-0.500553,-0.865706,-0.000000,0.000000,
			0.000000,0.000000,-1.000000,0.000000,
			8.724464,-10.207933,0.000000,1.000000;;,
			2;16;
			0.865706,-0.500553,-0.000000,0.000000,
			-0.500553,-0.865706,-0.000000,0.000000,
			0.000000,0.000000,-1.000000,0.000000,
			8.724464,-10.207933,0.000000,1.000000;;,
			3;16;
			0.865706,-0.500553,-0.000000,0.000000,
			-0.500553,-0.865706,-0.000000,0.000000,
			0.000000,0.000000,-1.000000,0.000000,
			8.724464,-10.207933,0.000000,1.000000;;,
			4;16;
			0.865706,-0.500553,-0.000000,0.000000,
			-0.500553,-0.865706,-0.000000,0.000000,
			0.000000,0.000000,-1.000000,0.000000,
			8.724464,-10.207933,0.000000,1.000000;;,
			5;16;
			0.865706,-0.500553,-0.000000,0.000000,
			-0.500553,-0.865706,-0.000000,0.000000,
			0.000000,0.000000,-1.000000,0.000000,
			8.724464,-10.207933,0.000000,1.000000;;,
			6;16;
			0.865706,-0.500553,-0.000000,0.000000,
			-0.500553,-0.865706,-0.000000,0.000000,
			0.000000,0.000000,-1.000000,0.000000,
			8.724464,-10.207933,0.000000,1.000000;;,
			7;16;
			0.865706,-0.500553,-0.000000,0.000000,
			-0.500553,-0.865706,-0.000000,0.000000,
			0.000000,0.000000,-1.000000,0.000000,
			8.724464,-10.207933,0.000000,1.000000;;,
			8;16;
			0.865706,-0.500553,-0.000000,0.000000,
			-0.500553,-0.865706,-0.000000,0.000000,
			0.000000,0.000000,-1.000000,0.000000,
			8.724464,-10.207933,0.000000,1.000000;;,
			9;16;
			0.865706,-0.500553,-0.000000,0.000000,
			-0.500553,-0.865706,-0.000000,0.000000,
			0.000000,0.000000,-1.000000,0.000000,
			8.724464,-10.207933,0.000000,1.000000;;,
			10;16;
			0.865706,-0.500553,-0.000000,0.000000,
			-0.500553,-0.865706,-0.000000,0.000000,
			0.000000,0.000000,-1.000000,0.000000,
			8.724464,-10.207933,0.000000,1.000000;;,
			11;16;
			0.865706,-0.500553,-0.000000,0.000000,
			-0.500553,-0.865706,-0.000000,0.000000,
			0.000000,0.000000,-1.000000,0.000000,
			8.724464,-10.207933,0.000000,1.000000;;,
			12;16;
			0.865706,-0.500553,-0.000000,0.000000,
			-0.500553,-0.865706,-0.000000,0.000000,
			0.000000,0.000000,-1.000000,0.000000,
			8.724464,-10.207933,0.000000,1.000000;;,
			13;16;
			0.865706,-0.500553,-0.000000,0.000000,
			-0.500553,-0.865706,-0.000000,0.000000,
			0.000000,0.000000,-1.000000,0.000000,
			8.724464,-10.207933,0.000000,1.000000;;,
			14;16;
			0.865706,-0.500553,-0.000000,0.000000,
			-0.500553,-0.865706,-0.000000,0.000000,
			0.000000,0.000000,-1.000000,0.000000,
			8.724464,-10.207933,0.000000,1.000000;;,
			15;16;
			0.865706,-0.500553,-0.000000,0.000000,
			-0.500553,-0.865706,-0.000000,0.000000,
			0.000000,0.000000,-1.000000,0.000000,
			8.724464,-10.207933,0.000000,1.000000;;,
			16;16;
			0.865706,-0.500553,-0.000000,0.000000,
			-0.500553,-0.865706,-0.000000,0.000000,
			0.000000,0.000000,-1.000000,0.000000,
			8.724464,-10.207933,0.000000,1.000000;;;
		}
	}
	Animation {
		{EyeBallCTRL}
		AnimationKey {
			4;
			17;
			0;16;
			0.000000,0.000000,1.000000,0.000000,
			-0.971844,0.235626,0.000000,0.000000,
			-0.235626,-0.971844,0.000000,0.000000,
			16.846575,0.000000,-0.000000,1.000000;;,
			1;16;
			0.000000,0.000000,1.000000,0.000000,
			-0.981490,0.191516,0.000000,0.000000,
			-0.191516,-0.981490,0.000000,0.000000,
			16.846575,0.000000,-0.000000,1.000000;;,
			2;16;
			0.000000,0.000000,1.000000,0.000000,
			-0.994353,0.106124,0.000000,0.000000,
			-0.106124,-0.994353,0.000000,0.000000,
			16.846575,0.000000,-0.000000,1.000000;;,
			3;16;
			0.000000,0.000000,1.000000,0.000000,
			-0.999839,0.017927,0.000000,0.000000,
			-0.017927,-0.999839,0.000000,0.000000,
			16.846575,0.000000,-0.000000,1.000000;;,
			4;16;
			0.000000,0.000000,1.000000,0.000000,
			-0.999744,-0.022624,0.000000,0.000000,
			0.022624,-0.999744,0.000000,0.000000,
			16.846575,0.000000,-0.000000,1.000000;;,
			5;16;
			0.000000,0.000000,1.000000,0.000000,
			-0.999361,0.035753,0.000000,0.000000,
			-0.035753,-0.999361,0.000000,0.000000,
			16.846575,0.000000,-0.000000,1.000000;;,
			6;16;
			0.000000,0.000000,1.000000,0.000000,
			-0.987026,0.160562,0.000000,0.000000,
			-0.160562,-0.987026,0.000000,0.000000,
			16.846575,0.000000,-0.000000,1.000000;;,
			7;16;
			0.000000,0.000000,1.000000,0.000000,
			-0.952783,0.303650,0.000000,0.000000,
			-0.303650,-0.952783,0.000000,0.000000,
			16.846575,0.000000,-0.000000,1.000000;;,
			8;16;
			0.000000,0.000000,1.000000,0.000000,
			-0.924904,0.380201,0.000000,0.000000,
			-0.380201,-0.924904,0.000000,0.000000,
			16.846575,0.000000,-0.000000,1.000000;;,
			9;16;
			0.000000,0.000000,1.000000,0.000000,
			-0.950307,0.311314,0.000000,0.000000,
			-0.311314,-0.950307,0.000000,0.000000,
			16.846575,0.000000,-0.000000,1.000000;;,
			10;16;
			0.000000,0.000000,1.000000,0.000000,
			-0.983920,0.178608,0.000000,0.000000,
			-0.178608,-0.983920,0.000000,0.000000,
			16.846575,0.000000,-0.000000,1.000000;;,
			11;16;
			0.000000,0.000000,1.000000,0.000000,
			-0.997697,0.067826,0.000000,0.000000,
			-0.067826,-0.997697,0.000000,0.000000,
			16.846575,0.000000,-0.000000,1.000000;;,
			12;16;
			0.000000,0.000000,1.000000,0.000000,
			-0.999879,0.015531,0.000000,0.000000,
			-0.015531,-0.999879,0.000000,0.000000,
			16.846575,0.000000,-0.000000,1.000000;;,
			13;16;
			0.000000,0.000000,1.000000,0.000000,
			-0.998748,0.050025,0.000000,0.000000,
			-0.050025,-0.998748,0.000000,0.000000,
			16.846575,0.000000,-0.000000,1.000000;;,
			14;16;
			0.000000,0.000000,1.000000,0.000000,
			-0.992207,0.124599,0.000000,0.000000,
			-0.124599,-0.992207,0.000000,0.000000,
			16.846575,0.000000,-0.000000,1.000000;;,
			15;16;
			0.000000,0.000000,1.000000,0.000000,
			-0.980277,0.197628,0.000000,0.000000,
			-0.197628,-0.980277,0.000000,0.000000,
			16.846575,0.000000,-0.000000,1.000000;;,
			16;16;
			0.000000,0.000000,1.000000,0.000000,
			-0.971844,0.235626,0.000000,0.000000,
			-0.235626,-0.971844,0.000000,0.000000,
			16.846575,0.000000,-0.000000,1.000000;;;
		}
	}
	Animation {
		{UppderEyeLid}
		AnimationKey {
			4;
			17;
			0;16;
			0.000000,0.000000,1.000000,0.000000,
			-0.999250,0.038723,0.000000,0.000000,
			-0.038723,-0.999250,0.000000,0.000000,
			16.846575,0.000000,-0.000000,1.000000;;,
			1;16;
			0.000000,0.000000,1.000000,0.000000,
			-0.999944,-0.010546,0.000000,0.000000,
			0.010546,-0.999944,0.000000,0.000000,
			16.846575,0.000000,-0.000000,1.000000;;,
			2;16;
			0.000000,0.000000,1.000000,0.000000,
			-0.991499,-0.130114,0.000000,0.000000,
			0.130114,-0.991499,0.000000,0.000000,
			16.846575,0.000000,-0.000000,1.000000;;,
			3;16;
			0.000000,0.000000,1.000000,0.000000,
			-0.966289,-0.257461,0.000000,0.000000,
			0.257461,-0.966289,0.000000,0.000000,
			16.846575,0.000000,-0.000000,1.000000;;,
			4;16;
			0.000000,0.000000,1.000000,0.000000,
			-0.948955,-0.315411,0.000000,0.000000,
			0.315411,-0.948955,0.000000,0.000000,
			16.846575,0.000000,-0.000000,1.000000;;,
			5;16;
			0.000000,0.000000,1.000000,0.000000,
			-0.966289,-0.257461,0.000000,0.000000,
			0.257461,-0.966289,0.000000,0.000000,
			16.846575,0.000000,-0.000000,1.000000;;,
			6;16;
			0.000000,0.000000,1.000000,0.000000,
			-0.991499,-0.130114,0.000000,0.000000,
			0.130114,-0.991499,0.000000,0.000000,
			16.846575,0.000000,-0.000000,1.000000;;,
			7;16;
			0.000000,0.000000,1.000000,0.000000,
			-0.999944,-0.010546,0.000000,0.000000,
			0.010546,-0.999944,0.000000,0.000000,
			16.846575,0.000000,-0.000000,1.000000;;,
			8;16;
			0.000000,0.000000,1.000000,0.000000,
			-0.999250,0.038723,0.000000,0.000000,
			-0.038723,-0.999250,0.000000,0.000000,
			16.846575,0.000000,-0.000000,1.000000;;,
			9;16;
			0.000000,0.000000,1.000000,0.000000,
			-0.999924,-0.012367,0.000000,0.000000,
			0.012367,-0.999924,0.000000,0.000000,
			16.846575,0.000000,-0.000000,1.000000;;,
			10;16;
			0.000000,0.000000,1.000000,0.000000,
			-0.990630,-0.136576,0.000000,0.000000,
			0.136576,-0.990630,0.000000,0.000000,
			16.846575,0.000000,-0.000000,1.000000;;,
			11;16;
			0.000000,0.000000,1.000000,0.000000,
			-0.963211,-0.268745,0.000000,0.000000,
			0.268745,-0.963211,0.000000,0.000000,
			16.846575,0.000000,-0.000000,1.000000;;,
			12;16;
			0.000000,0.000000,1.000000,0.000000,
			-0.944510,-0.328482,0.000000,0.000000,
			0.328482,-0.944510,0.000000,0.000000,
			16.846575,0.000000,-0.000000,1.000000;;,
			13;16;
			0.000000,0.000000,1.000000,0.000000,
			-0.963211,-0.268745,0.000000,0.000000,
			0.268745,-0.963211,0.000000,0.000000,
			16.846575,0.000000,-0.000000,1.000000;;,
			14;16;
			0.000000,0.000000,1.000000,0.000000,
			-0.990630,-0.136576,0.000000,0.000000,
			0.136576,-0.990630,0.000000,0.000000,
			16.846575,0.000000,-0.000000,1.000000;;,
			15;16;
			0.000000,0.000000,1.000000,0.000000,
			-0.999924,-0.012367,0.000000,0.000000,
			0.012367,-0.999924,0.000000,0.000000,
			16.846575,0.000000,-0.000000,1.000000;;,
			16;16;
			0.000000,0.000000,1.000000,0.000000,
			-0.999250,0.038723,0.000000,0.000000,
			-0.038723,-0.999250,0.000000,0.000000,
			16.846575,0.000000,-0.000000,1.000000;;;
		}
	}
	Animation {
		{LowerEyelid}
		AnimationKey {
			4;
			17;
			0;16;
			0.000000,0.000000,1.000000,0.000000,
			-0.986450,0.164062,0.000000,0.000000,
			-0.164062,-0.986450,0.000000,0.000000,
			16.846575,0.000000,-0.000000,1.000000;;,
			1;16;
			0.000000,0.000000,1.000000,0.000000,
			-0.986450,0.164062,0.000000,0.000000,
			-0.164062,-0.986450,0.000000,0.000000,
			16.846575,0.000000,-0.000000,1.000000;;,
			2;16;
			0.000000,0.000000,1.000000,0.000000,
			-0.986450,0.164062,0.000000,0.000000,
			-0.164062,-0.986450,0.000000,0.000000,
			16.846575,0.000000,-0.000000,1.000000;;,
			3;16;
			0.000000,0.000000,1.000000,0.000000,
			-0.986450,0.164062,0.000000,0.000000,
			-0.164062,-0.986450,0.000000,0.000000,
			16.846575,0.000000,-0.000000,1.000000;;,
			4;16;
			0.000000,0.000000,1.000000,0.000000,
			-0.986450,0.164062,0.000000,0.000000,
			-0.164062,-0.986450,0.000000,0.000000,
			16.846575,0.000000,-0.000000,1.000000;;,
			5;16;
			0.000000,0.000000,1.000000,0.000000,
			-0.986450,0.164062,0.000000,0.000000,
			-0.164062,-0.986450,0.000000,0.000000,
			16.846575,0.000000,-0.000000,1.000000;;,
			6;16;
			0.000000,0.000000,1.000000,0.000000,
			-0.986450,0.164062,0.000000,0.000000,
			-0.164062,-0.986450,0.000000,0.000000,
			16.846575,0.000000,-0.000000,1.000000;;,
			7;16;
			0.000000,0.000000,1.000000,0.000000,
			-0.986450,0.164062,0.000000,0.000000,
			-0.164062,-0.986450,0.000000,0.000000,
			16.846575,0.000000,-0.000000,1.000000;;,
			8;16;
			0.000000,0.000000,1.000000,0.000000,
			-0.986450,0.164062,0.000000,0.000000,
			-0.164062,-0.986450,0.000000,0.000000,
			16.846575,0.000000,-0.000000,1.000000;;,
			9;16;
			0.000000,0.000000,1.000000,0.000000,
			-0.986450,0.164062,0.000000,0.000000,
			-0.164062,-0.986450,0.000000,0.000000,
			16.846575,0.000000,-0.000000,1.000000;;,
			10;16;
			0.000000,0.000000,1.000000,0.000000,
			-0.986450,0.164062,0.000000,0.000000,
			-0.164062,-0.986450,0.000000,0.000000,
			16.846575,0.000000,-0.000000,1.000000;;,
			11;16;
			0.000000,0.000000,1.000000,0.000000,
			-0.986450,0.164062,0.000000,0.000000,
			-0.164062,-0.986450,0.000000,0.000000,
			16.846575,0.000000,-0.000000,1.000000;;,
			12;16;
			0.000000,0.000000,1.000000,0.000000,
			-0.986450,0.164062,0.000000,0.000000,
			-0.164062,-0.986450,0.000000,0.000000,
			16.846575,0.000000,-0.000000,1.000000;;,
			13;16;
			0.000000,0.000000,1.000000,0.000000,
			-0.986450,0.164062,0.000000,0.000000,
			-0.164062,-0.986450,0.000000,0.000000,
			16.846575,0.000000,-0.000000,1.000000;;,
			14;16;
			0.000000,0.000000,1.000000,0.000000,
			-0.986450,0.164062,0.000000,0.000000,
			-0.164062,-0.986450,0.000000,0.000000,
			16.846575,0.000000,-0.000000,1.000000;;,
			15;16;
			0.000000,0.000000,1.000000,0.000000,
			-0.986450,0.164062,0.000000,0.000000,
			-0.164062,-0.986450,0.000000,0.000000,
			16.846575,0.000000,-0.000000,1.000000;;,
			16;16;
			0.000000,0.000000,1.000000,0.000000,
			-0.986450,0.164062,0.000000,0.000000,
			-0.164062,-0.986450,0.000000,0.000000,
			16.846575,0.000000,-0.000000,1.000000;;;
		}
	}
	Animation {
		{RearLeftLeg01}
		AnimationKey {
			4;
			17;
			0;16;
			-0.038839,0.831594,0.554025,0.000000,
			-0.122845,0.546263,-0.828556,0.000000,
			-0.991666,-0.100240,0.080941,0.000000,
			-14.736686,30.774757,40.574268,1.000000;;,
			1;16;
			0.070162,0.817100,0.572211,0.000000,
			-0.077457,0.576355,-0.813520,0.000000,
			-0.994524,0.012756,0.103728,0.000000,
			-14.736686,30.774757,40.574268,1.000000;;,
			2;16;
			0.017214,0.806214,0.591373,0.000000,
			-0.105943,0.589602,-0.800716,0.000000,
			-0.994223,-0.048869,0.095562,0.000000,
			-14.736686,30.774757,40.574268,1.000000;;,
			3;16;
			-0.132793,0.782892,0.607821,0.000000,
			-0.183630,0.583202,-0.791300,0.000000,
			-0.973984,-0.216694,0.066317,0.000000,
			-14.736686,30.774757,40.574268,1.000000;;,
			4;16;
			-0.293951,0.727633,0.619793,0.000000,
			-0.272915,0.557552,-0.783998,0.000000,
			-0.916029,-0.399608,0.034689,0.000000,
			-14.736686,30.774757,40.574268,1.000000;;,
			5;16;
			-0.360356,0.665656,0.653487,0.000000,
			-0.341611,0.557714,-0.756476,0.000000,
			-0.868012,-0.495839,0.026420,0.000000,
			-14.736686,30.774757,40.574268,1.000000;;,
			6;16;
			-0.325904,0.626223,0.708260,0.000000,
			-0.394190,0.590923,-0.703863,0.000000,
			-0.859303,-0.508581,0.054267,0.000000,
			-14.736686,30.774757,40.574268,1.000000;;,
			7;16;
			-0.217738,0.618251,0.755219,0.000000,
			-0.425341,0.636333,-0.643557,0.000000,
			-0.878450,-0.461353,0.124413,0.000000,
			-14.736686,30.774757,40.574268,1.000000;;,
			8;16;
			-0.041111,0.645489,0.762662,0.000000,
			-0.413531,0.683870,-0.601094,0.000000,
			-0.909561,-0.340096,0.238815,0.000000,
			-14.736686,30.774757,40.574268,1.000000;;,
			9;16;
			0.064156,0.677608,0.732620,0.000000,
			-0.388720,0.693116,-0.607031,0.000000,
			-0.919119,-0.245839,0.307868,0.000000,
			-14.736686,30.774757,40.574268,1.000000;;,
			10;16;
			0.012001,0.681659,0.731572,0.000000,
			-0.291069,0.702324,-0.649631,0.000000,
			-0.956627,-0.205142,0.206838,0.000000,
			-14.736686,30.774757,40.574268,1.000000;;,
			11;16;
			-0.141812,0.705860,0.694011,0.000000,
			-0.271446,0.646492,-0.712997,0.000000,
			-0.951949,-0.289498,0.099922,0.000000,
			-14.736686,30.774757,40.574268,1.000000;;,
			12;16;
			-0.299515,0.725759,0.619325,0.000000,
			-0.276054,0.555440,-0.784399,0.000000,
			-0.913282,-0.405907,0.033986,0.000000,
			-14.736686,30.774757,40.574268,1.000000;;,
			13;16;
			-0.370912,0.745967,0.553134,0.000000,
			-0.272501,0.481976,-0.832732,0.000000,
			-0.887788,-0.459600,0.024506,0.000000,
			-14.736686,30.774757,40.574268,1.000000;;,
			14;16;
			-0.341993,0.779458,0.524868,0.000000,
			-0.248475,0.463658,-0.850460,0.000000,
			-0.906257,-0.421267,0.035108,0.000000,
			-14.736686,30.774757,40.574268,1.000000;;,
			15;16;
			-0.226147,0.816800,0.530750,0.000000,
			-0.199763,0.494397,-0.845971,0.000000,
			-0.953390,-0.297338,0.051360,0.000000,
			-14.736686,30.774757,40.574268,1.000000;;,
			16;16;
			-0.038839,0.831594,0.554025,0.000000,
			-0.122845,0.546263,-0.828556,0.000000,
			-0.991666,-0.100240,0.080941,0.000000,
			-14.736686,30.774757,40.574268,1.000000;;;
		}
	}
	Animation {
		{RearLeftLeg02}
		AnimationKey {
			4;
			17;
			0;16;
			0.244230,0.211657,0.946337,0.000000,
			0.760273,0.563982,-0.322351,0.000000,
			-0.601944,0.798202,-0.023176,0.000000,
			14.146868,-0.000000,0.000000,1.000000;;,
			1;16;
			0.121055,0.172876,0.977476,0.000000,
			0.769052,0.606272,-0.202468,0.000000,
			-0.627618,0.776240,-0.059559,0.000000,
			14.146868,-0.000000,0.000000,1.000000;;,
			2;16;
			0.114585,0.170694,0.978639,0.000000,
			0.769167,0.608202,-0.196142,0.000000,
			-0.628691,0.775212,-0.061601,0.000000,
			14.146868,-0.000000,0.000000,1.000000;;,
			3;16;
			0.183019,0.193125,0.963953,0.000000,
			0.766219,0.586318,-0.262944,0.000000,
			-0.615964,0.786723,-0.040669,0.000000,
			14.146868,-0.000000,0.000000,1.000000;;,
			4;16;
			0.256301,0.215219,0.942332,0.000000,
			0.758712,0.559236,-0.334082,0.000000,
			-0.598887,0.800585,-0.019956,0.000000,
			14.146868,-0.000000,0.000000,1.000000;;,
			5;16;
			0.217260,0.203711,0.954620,0.000000,
			0.763284,0.574145,-0.296234,0.000000,
			-0.608437,0.793007,-0.030751,0.000000,
			14.146868,-0.000000,0.000000,1.000000;;,
			6;16;
			0.067838,0.154386,0.985679,0.000000,
			0.768999,0.621342,-0.150246,0.000000,
			-0.635640,0.768179,-0.076572,0.000000,
			14.146868,-0.000000,0.000000,1.000000;;,
			7;16;
			-0.131849,0.077176,0.988261,0.000000,
			0.748652,0.661205,0.048246,0.000000,
			-0.649720,0.746225,-0.144957,0.000000,
			14.146868,-0.000000,0.000000,1.000000;;,
			8;16;
			-0.339147,-0.006644,0.940710,0.000000,
			0.693779,0.673577,0.254881,0.000000,
			-0.635334,0.739087,-0.223832,0.000000,
			14.146868,-0.000000,0.000000,1.000000;;,
			9;16;
			-0.412101,-0.006336,0.911116,0.000000,
			0.673306,0.671602,0.309209,0.000000,
			-0.613866,0.740885,-0.272502,0.000000,
			14.146868,-0.000000,0.000000,1.000000;;,
			10;16;
			-0.291551,0.008204,0.956520,0.000000,
			0.708654,0.673510,0.210224,0.000000,
			-0.642501,0.739133,-0.202176,0.000000,
			14.146868,-0.000000,0.000000,1.000000;;,
			11;16;
			-0.034702,0.116159,0.992624,0.000000,
			0.762532,0.645105,-0.048834,0.000000,
			-0.646019,0.755213,-0.110961,0.000000,
			14.146868,-0.000000,0.000000,1.000000;;,
			12;16;
			0.259209,0.216051,0.941346,0.000000,
			0.758318,0.558081,-0.336897,0.000000,
			-0.598134,0.801167,-0.019176,0.000000,
			14.146868,-0.000000,0.000000,1.000000;;,
			13;16;
			0.441037,0.259329,0.859206,0.000000,
			0.717858,0.472665,-0.511143,0.000000,
			-0.538671,0.842221,0.022301,0.000000,
			14.146868,-0.000000,0.000000,1.000000;;,
			14;16;
			0.482528,0.266475,0.834361,0.000000,
			0.703778,0.449116,-0.550446,0.000000,
			-0.521405,0.852811,0.029172,0.000000,
			14.146868,-0.000000,0.000000,1.000000;;,
			15;16;
			0.410098,0.253242,0.876178,0.000000,
			0.727096,0.489173,-0.481706,0.000000,
			-0.550591,0.834612,0.016477,0.000000,
			14.146868,-0.000000,0.000000,1.000000;;,
			16;16;
			0.244230,0.211657,0.946337,0.000000,
			0.760273,0.563982,-0.322351,0.000000,
			-0.601944,0.798202,-0.023176,0.000000,
			14.146868,-0.000000,0.000000,1.000000;;;
		}
	}
	Animation {
		{RearLeftLeg03}
		AnimationKey {
			4;
			17;
			0;16;
			0.015339,0.000024,-0.999882,0.000000,
			-0.001534,0.999999,0.000000,0.000000,
			0.999881,0.001534,0.015339,0.000000,
			28.369816,-0.000000,-0.000000,1.000000;;,
			1;16;
			0.015339,0.000024,-0.999882,0.000000,
			-0.001534,0.999999,0.000000,0.000000,
			0.999881,0.001534,0.015339,0.000000,
			28.369816,-0.000000,-0.000000,1.000000;;,
			2;16;
			0.015339,0.000024,-0.999882,0.000000,
			-0.001534,0.999999,0.000000,0.000000,
			0.999881,0.001534,0.015339,0.000000,
			28.369816,-0.000000,-0.000000,1.000000;;,
			3;16;
			0.015339,0.000024,-0.999882,0.000000,
			-0.001534,0.999999,0.000000,0.000000,
			0.999881,0.001534,0.015339,0.000000,
			28.369816,-0.000000,-0.000000,1.000000;;,
			4;16;
			0.015339,0.000024,-0.999882,0.000000,
			-0.001534,0.999999,0.000000,0.000000,
			0.999881,0.001534,0.015339,0.000000,
			28.369816,-0.000000,-0.000000,1.000000;;,
			5;16;
			0.015339,0.000024,-0.999882,0.000000,
			-0.001534,0.999999,0.000000,0.000000,
			0.999881,0.001534,0.015339,0.000000,
			28.369816,-0.000000,-0.000000,1.000000;;,
			6;16;
			0.015339,0.000024,-0.999882,0.000000,
			-0.001534,0.999999,0.000000,0.000000,
			0.999881,0.001534,0.015339,0.000000,
			28.369816,-0.000000,-0.000000,1.000000;;,
			7;16;
			0.015339,0.000024,-0.999882,0.000000,
			-0.001534,0.999999,0.000000,0.000000,
			0.999881,0.001534,0.015339,0.000000,
			28.369816,-0.000000,-0.000000,1.000000;;,
			8;16;
			0.015339,0.000024,-0.999882,0.000000,
			-0.001534,0.999999,0.000000,0.000000,
			0.999881,0.001534,0.015339,0.000000,
			28.369816,-0.000000,-0.000000,1.000000;;,
			9;16;
			0.015339,0.000024,-0.999882,0.000000,
			-0.001534,0.999999,0.000000,0.000000,
			0.999881,0.001534,0.015339,0.000000,
			28.369816,-0.000000,-0.000000,1.000000;;,
			10;16;
			0.015339,0.000024,-0.999882,0.000000,
			-0.001534,0.999999,0.000000,0.000000,
			0.999881,0.001534,0.015339,0.000000,
			28.369816,-0.000000,-0.000000,1.000000;;,
			11;16;
			0.015339,0.000024,-0.999882,0.000000,
			-0.001534,0.999999,0.000000,0.000000,
			0.999881,0.001534,0.015339,0.000000,
			28.369816,-0.000000,-0.000000,1.000000;;,
			12;16;
			0.015339,0.000024,-0.999882,0.000000,
			-0.001534,0.999999,0.000000,0.000000,
			0.999881,0.001534,0.015339,0.000000,
			28.369816,-0.000000,-0.000000,1.000000;;,
			13;16;
			0.015339,0.000024,-0.999882,0.000000,
			-0.001534,0.999999,0.000000,0.000000,
			0.999881,0.001534,0.015339,0.000000,
			28.369816,-0.000000,-0.000000,1.000000;;,
			14;16;
			0.015339,0.000024,-0.999882,0.000000,
			-0.001534,0.999999,0.000000,0.000000,
			0.999881,0.001534,0.015339,0.000000,
			28.369816,-0.000000,-0.000000,1.000000;;,
			15;16;
			0.015339,0.000024,-0.999882,0.000000,
			-0.001534,0.999999,0.000000,0.000000,
			0.999881,0.001534,0.015339,0.000000,
			28.369816,-0.000000,-0.000000,1.000000;;,
			16;16;
			0.015339,0.000024,-0.999882,0.000000,
			-0.001534,0.999999,0.000000,0.000000,
			0.999881,0.001534,0.015339,0.000000,
			28.369816,-0.000000,-0.000000,1.000000;;;
		}
	}
	Animation {
		{FrontLeftLeg01}
		AnimationKey {
			4;
			17;
			0;16;
			0.359131,-0.757883,0.544644,0.000000,
			-0.111196,0.544672,0.831244,0.000000,
			-0.926639,-0.359088,0.111335,0.000000,
			-14.085297,-33.792656,40.574268,1.000000;;,
			1;16;
			0.402476,-0.728944,0.553763,0.000000,
			-0.127458,0.554406,0.822428,0.000000,
			-0.906514,-0.401589,0.130225,0.000000,
			-14.085297,-33.792656,40.574268,1.000000;;,
			2;16;
			0.232397,-0.776145,0.586166,0.000000,
			-0.038010,0.594958,0.802857,0.000000,
			-0.971878,-0.208862,0.108765,0.000000,
			-14.085297,-33.792656,40.574268,1.000000;;,
			3;16;
			-0.061740,-0.788447,0.611996,0.000000,
			0.119774,0.602883,0.788788,0.000000,
			-0.990879,0.122001,0.057213,0.000000,
			-14.085297,-33.792656,40.574268,1.000000;;,
			4;16;
			-0.302325,-0.721182,0.623294,0.000000,
			0.254609,0.569038,0.781902,0.000000,
			-0.918572,0.395085,0.011585,0.000000,
			-14.085297,-33.792656,40.574268,1.000000;;,
			5;16;
			-0.317598,-0.668669,0.672319,0.000000,
			0.307314,0.598173,0.740099,0.000000,
			-0.897045,0.441667,0.015513,0.000000,
			-14.085297,-33.792656,40.574268,1.000000;;,
			6;16;
			-0.161057,-0.651325,0.741510,0.000000,
			0.309817,0.679974,0.664566,0.000000,
			-0.937056,0.336765,0.092277,0.000000,
			-14.085297,-33.792656,40.574268,1.000000;;,
			7;16;
			0.070954,-0.643801,0.761896,0.000000,
			0.312651,0.739685,0.595915,0.000000,
			-0.947214,0.195925,0.253769,0.000000,
			-14.085297,-33.792656,40.574268,1.000000;;,
			8;16;
			0.284786,-0.680447,0.675195,0.000000,
			0.402469,0.724147,0.560026,0.000000,
			-0.870009,0.112258,0.480086,0.000000,
			-14.085297,-33.792656,40.574268,1.000000;;,
			9;16;
			0.339670,-0.692476,0.636476,0.000000,
			0.387103,0.719664,0.576398,0.000000,
			-0.857190,0.050597,0.512508,0.000000,
			-14.085297,-33.792656,40.574268,1.000000;;,
			10;16;
			0.187164,-0.676365,0.712390,0.000000,
			0.257214,0.733647,0.628970,0.000000,
			-0.948056,0.065515,0.311283,0.000000,
			-14.085297,-33.792656,40.574268,1.000000;;,
			11;16;
			-0.082334,-0.701327,0.708068,0.000000,
			0.226328,0.678759,0.698614,0.000000,
			-0.970565,0.217775,0.102845,0.000000,
			-14.085297,-33.792656,40.574268,1.000000;;,
			12;16;
			-0.286008,-0.725078,0.626467,0.000000,
			0.247595,0.575655,0.779306,0.000000,
			-0.925687,0.377997,0.014884,0.000000,
			-14.085297,-33.792656,40.574268,1.000000;;,
			13;16;
			-0.279512,-0.773856,0.568349,0.000000,
			0.205818,0.529890,0.822712,0.000000,
			-0.937823,0.346934,0.011163,0.000000,
			-14.085297,-33.792656,40.574268,1.000000;;,
			14;16;
			-0.101462,-0.827332,0.552473,0.000000,
			0.108874,0.542769,0.832795,0.000000,
			-0.988864,0.144647,0.035005,0.000000,
			-14.085297,-33.792656,40.574268,1.000000;;,
			15;16;
			0.141641,-0.823993,0.548610,0.000000,
			-0.009907,0.552990,0.833129,0.000000,
			-0.989868,-0.123441,0.070163,0.000000,
			-14.085297,-33.792656,40.574268,1.000000;;,
			16;16;
			0.359131,-0.757883,0.544644,0.000000,
			-0.111196,0.544672,0.831244,0.000000,
			-0.926639,-0.359088,0.111335,0.000000,
			-14.085297,-33.792656,40.574268,1.000000;;;
		}
	}
	Animation {
		{FrontLeftLeg02}
		AnimationKey {
			4;
			17;
			0;16;
			0.066786,-0.128542,0.989453,0.000000,
			-0.772144,0.621405,0.132847,0.000000,
			-0.631928,-0.772872,-0.057752,0.000000,
			14.214923,-0.000000,0.000000,1.000000;;,
			1;16;
			-0.025528,-0.094506,0.995197,0.000000,
			-0.766761,0.640612,0.041166,0.000000,
			-0.641425,-0.762027,-0.088817,0.000000,
			14.214923,-0.000000,0.000000,1.000000;;,
			2;16;
			0.004006,-0.105623,0.994398,0.000000,
			-0.769219,0.635078,0.070556,0.000000,
