xof 0303txt 0032
Frame ChestMesh {
	FrameTransformMatrix {
		1.000000,0.000000,0.000000,0.000000,
		0.000000,1.000000,0.000000,0.000000,
		0.000000,0.000000,1.000000,0.000000,
		0.000000,0.000000,0.000000,1.000000;;
	}
}
Frame Root {
	FrameTransformMatrix {
		0.065748,-0.914293,-0.399682,0.000000,
		-0.038824,0.397902,-0.916606,0.000000,
		0.997081,0.075782,-0.009336,0.000000,
		0.182775,20.975004,-41.783489,1.000000;;
	}
	Frame Body {
		FrameTransformMatrix {
			0.408029,0.912969,0.000000,0.000000,
			-0.912969,0.408029,0.000000,0.000000,
			-0.000000,-0.000000,1.000000,0.000000,
			21.474360,0.000000,0.000000,1.000000;;
		}
		Frame Head {
			FrameTransformMatrix {
				-0.406958,-0.913434,0.004817,0.000000,
				-0.913445,0.406961,-0.000517,0.000000,
				-0.001488,-0.004611,-0.999988,0.000000,
				67.919418,-3.336348,-0.000000,1.000000;;
			}
			Frame UpperTeethCTRL {
				FrameTransformMatrix {
					-0.000000,0.000000,-1.000000,0.000000,
					-0.951689,0.307065,0.000000,0.000000,
					0.307065,0.951689,-0.000000,0.000000,
					34.826504,0.000000,-0.000000,1.000000;;
				}
			}
			Frame EyeCTRL {
				FrameTransformMatrix {
					0.895476,-0.445109,0.000000,0.000000,
					-0.445109,-0.895476,0.000000,0.000000,
					-0.000000,-0.000000,-1.000000,0.000000,
					8.724464,-10.207933,0.000000,1.000000;;
				}
				Frame EyeBallCTRL {
					FrameTransformMatrix {
						-0.000000,0.251651,0.967818,0.000000,
						-0.986443,0.158822,-0.041297,0.000000,
						-0.164103,-0.954698,0.248239,0.000000,
						16.846575,0.000000,-0.000000,1.000000;;
					}
				}
				Frame UppderEyeLid {
					FrameTransformMatrix {
						-0.000000,-0.095477,0.995432,0.000000,
						-0.986443,0.163353,0.015668,0.000000,
						-0.164103,-0.981937,-0.094182,0.000000,
						16.846575,0.000000,-0.000000,1.000000;;
					}
				}
				Frame LowerEyelid {
					FrameTransformMatrix {
						-0.000000,0.000000,1.000000,0.000000,
						-0.986443,0.164103,-0.000000,0.000000,
						-0.164103,-0.986443,-0.000000,0.000000,
						16.846575,0.000000,-0.000000,1.000000;;
					}
				}
			}
		}
		Frame RearLeftLeg01 {
			FrameTransformMatrix {
				0.261605,0.683128,0.681834,0.000000,
				0.068908,0.691414,-0.719165,0.000000,
				-0.962712,0.235122,0.133804,0.000000,
				-14.736686,30.774757,40.574268,1.000000;;
			}
			Frame RearLeftLeg02 {
				FrameTransformMatrix {
					-0.286687,-0.037702,0.957282,0.000000,
					0.629674,0.745662,0.217943,0.000000,
					-0.722026,0.665257,-0.190032,0.000000,
					14.146868,-0.000000,0.000000,1.000000;;
				}
				Frame RearLeftLeg03 {
					FrameTransformMatrix {
						0.015337,0.000024,-0.999882,0.000000,
						-0.001560,0.999999,0.000000,0.000000,
						0.999881,0.001560,0.015337,0.000000,
						28.369816,-0.000000,-0.000000,1.000000;;
					}
				}
			}
		}
		Frame FrontLeftLeg01 {
			FrameTransformMatrix {
				-0.648669,-0.270206,0.711489,0.000000,
				-0.278181,0.954345,0.108818,0.000000,
				-0.708409,-0.127336,-0.694220,0.000000,
				-14.085297,-33.792656,40.574268,1.000000;;
			}
			Frame FrontLeftLeg02 {
				FrameTransformMatrix {
					0.049830,-0.037322,0.998060,0.000000,
					0.267279,0.963352,0.022680,0.000000,
					-0.962330,0.265630,0.057980,0.000000,
					14.214923,-0.000000,0.000000,1.000000;;
				}
				Frame FrontLeftLeg03 {
					FrameTransformMatrix {
						0.015804,0.000017,-0.999875,0.000000,
						-0.001059,0.999999,0.000000,0.000000,
						0.999875,0.001059,0.015804,0.000000,
						28.391460,0.000000,0.000000,1.000000;;
					}
				}
			}
		}
		Frame RearRightLeg01 {
			FrameTransformMatrix {
				-0.324446,0.465703,-0.823320,0.000000,
				0.275243,0.879221,0.388859,0.000000,
				0.904973,-0.100449,-0.413441,0.000000,
				-14.736715,30.774792,-40.574299,1.000000;;
			}
			Frame RearRightLeg02 {
				FrameTransformMatrix {
					-0.060279,-0.049221,-0.996967,0.000000,
					0.095087,0.993958,-0.054821,0.000000,
					0.993642,-0.098104,-0.055234,0.000000,
					14.146874,-0.000000,-0.000000,1.000000;;
				}
				Frame RearRightLeg03 {
					FrameTransformMatrix {
						-0.015337,-0.000024,-0.999882,0.000000,
						0.001561,-0.999999,0.000000,0.000000,
						-0.999881,-0.001561,0.015337,0.000000,
						28.369772,-0.000000,-0.000000,1.000000;;
					}
				}
			}
		}
		Frame FrontRightLeg01 {
			FrameTransformMatrix {
				-0.128420,-0.477834,-0.869012,0.000000,
				-0.297684,0.854433,-0.425827,0.000000,
				0.945988,0.204007,-0.251970,0.000000,
				-14.085325,-33.792622,-40.574299,1.000000;;
			}
			Frame FrontRightLeg02 {
				FrameTransformMatrix {
					-0.176644,0.084150,-0.980671,0.000000,
					-0.426259,0.891520,0.153280,0.000000,
					0.887187,0.445096,-0.121612,0.000000,
					14.214938,-0.000000,0.000000,1.000000;;
				}
				Frame FrontRightLeg03 {
					FrameTransformMatrix {
						-0.015804,-0.000017,-0.999875,0.000000,
						0.001060,-0.999999,0.000000,0.000000,
						-0.999875,-0.001060,0.015804,0.000000,
						28.391462,0.000000,0.000000,1.000000;;
					}
				}
			}
		}
		Frame LockCTRL {
			FrameTransformMatrix {
				0.008913,-0.000000,0.999960,0.000000,
				-0.010088,0.999949,0.000090,0.000000,
				-0.999909,-0.010088,0.008912,0.000000,
				10.207417,-45.630051,-0.000000,1.000000;;
			}
		}
		Frame LowerTeethCTRL {
			FrameTransformMatrix {
				-0.000000,0.000000,1.000000,0.000000,
				-0.010088,0.999949,-0.000000,0.000000,
				-0.999949,-0.010088,-0.000000,0.000000,
				13.351291,-27.430490,-0.000000,1.000000;;
			}
		}
	}
}
AnimationSet Take_001 {
	Animation {
		{Root}
		AnimationKey {
			4;
			31;
			0;16;
			-0.093245,-0.879380,-0.466900,0.000000,
			0.010118,0.468082,-0.883627,0.000000,
			0.995592,-0.087118,-0.034749,0.000000,
			1.856578,21.220787,-31.330513,1.000000;;,
			1;16;
			-0.090859,-0.879620,-0.466919,0.000000,
			0.009929,0.468035,-0.883654,0.000000,
			0.995814,-0.084924,-0.033791,0.000000,
			1.808436,21.213722,-33.002510,1.000000;;,
			2;16;
			-0.084173,-0.880273,-0.466941,0.000000,
			0.009171,0.467900,-0.883734,0.000000,
			0.996409,-0.078669,-0.031312,0.000000,
			1.673302,21.194750,-34.865833,1.000000;;,
			3;16;
			-0.073851,-0.881175,-0.466987,0.000000,
			0.008031,0.467725,-0.883838,0.000000,
			0.997237,-0.069023,-0.027465,0.000000,
			1.465268,21.166660,-36.783779,1.000000;;,
			4;16;
			-0.060555,-0.882146,-0.467068,0.000000,
			0.006603,0.467562,-0.883936,0.000000,
			0.998143,-0.056611,-0.022488,0.000000,
			1.198450,21.131927,-38.619656,1.000000;;,
			5;16;
			-0.044950,-0.883053,-0.467115,0.000000,
			0.004885,0.467388,-0.884039,0.000000,
			0.998977,-0.042019,-0.016696,0.000000,
			0.886796,21.093132,-40.236755,1.000000;;,
			6;16;
			-0.027608,-0.883744,-0.467155,0.000000,
			0.002971,0.467259,-0.884116,0.000000,
			0.999614,-0.025797,-0.010275,0.000000,
			0.543946,21.053307,-41.498390,1.000000;;,
			7;16;
			-0.009300,-0.884133,-0.467144,0.000000,
			0.000959,0.467156,-0.884175,0.000000,
			0.999956,-0.008670,-0.003497,0.000000,
			0.183133,21.016151,-42.267857,1.000000;;,
			8;16;
			0.009299,-0.884133,-0.467144,0.000000,
			-0.001055,0.467155,-0.884175,0.000000,
			0.999956,0.008715,0.003412,0.000000,
			-0.182872,20.986185,-42.408455,1.000000;;,
			9;16;
			0.027608,-0.883744,-0.467155,0.000000,
			-0.003067,0.467256,-0.884117,0.000000,
			0.999614,0.025841,0.010190,0.000000,
			-0.541763,20.968803,-41.783489,1.000000;;,
			10;16;
			0.044949,-0.883053,-0.467115,0.000000,
			-0.004884,0.467388,-0.884039,0.000000,
			0.998977,0.042019,0.016696,0.000000,
			-0.882099,20.981419,-40.066555,1.000000;;,
			11;16;
			0.060555,-0.882146,-0.467068,0.000000,
			-0.006603,0.467562,-0.883936,0.000000,
			0.998143,0.056611,0.022489,0.000000,
			-1.192474,21.026545,-37.461422,1.000000;;,
			12;16;
			0.073851,-0.881175,-0.466987,0.000000,
			-0.008031,0.467725,-0.883838,0.000000,
			0.997237,0.069023,0.027465,0.000000,
			-1.459848,21.088356,-34.626675,1.000000;;,
			13;16;
			0.084173,-0.880273,-0.466941,0.000000,
			-0.009171,0.467900,-0.883734,0.000000,
			0.996409,0.078669,0.031312,0.000000,
			-1.669887,21.151501,-32.220886,1.000000;;,
			14;16;
			0.090763,-0.879628,-0.466923,0.000000,
			-0.009929,0.468036,-0.883654,0.000000,
			0.995823,0.084839,0.033746,0.000000,
			-1.807334,21.200800,-30.902639,1.000000;;,
			15;16;
			0.093150,-0.879388,-0.466904,0.000000,
			-0.010214,0.468074,-0.883630,0.000000,
			0.995600,0.087079,0.034619,0.000000,
			-1.856578,21.220787,-31.330513,1.000000;;,
			16;16;
			0.090763,-0.879628,-0.466923,0.000000,
			-0.009929,0.468036,-0.883654,0.000000,
			0.995823,0.084839,0.033746,0.000000,
			-1.808195,21.210905,-33.060081,1.000000;;,
			17;16;
			0.084173,-0.880273,-0.466941,0.000000,
			-0.009171,0.467900,-0.883734,0.000000,
			0.996409,0.078669,0.031312,0.000000,
			-1.672531,21.184982,-35.073086,1.000000;;,
			18;16;
			0.073851,-0.881175,-0.466987,0.000000,
			-0.008031,0.467725,-0.883838,0.000000,
			0.997237,0.069023,0.027465,0.000000,
			-1.463982,21.148073,-37.167389,1.000000;;,
			19;16;
			0.060555,-0.882146,-0.467068,0.000000,
			-0.006603,0.467562,-0.883936,0.000000,
			0.998143,0.056611,0.022489,0.000000,
			-1.196918,21.104912,-39.140850,1.000000;;,
			20;16;
			0.044949,-0.883053,-0.467115,0.000000,
			-0.004884,0.467388,-0.884039,0.000000,
			0.998977,0.042019,0.016696,0.000000,
			-0.885418,21.060360,-40.791332,1.000000;;,
			21;16;
			0.027608,-0.883744,-0.467155,0.000000,
			-0.003067,0.467256,-0.884117,0.000000,
			0.999614,0.025841,0.010190,0.000000,
			-0.543079,21.019732,-41.916691,1.000000;;,
			22;16;
			0.009299,-0.884133,-0.467144,0.000000,
			-0.001055,0.467155,-0.884175,0.000000,
			0.999956,0.008715,0.003412,0.000000,
			-0.182897,20.989014,-42.314793,1.000000;;,
			23;16;
			-0.009300,-0.884133,-0.467144,0.000000,
			0.000959,0.467156,-0.884175,0.000000,
			0.999956,-0.008670,-0.003497,0.000000,
			0.182775,20.975004,-41.783489,1.000000;;,
			24;16;
			-0.027608,-0.883744,-0.467155,0.000000,
			0.002971,0.467259,-0.884116,0.000000,
			0.999614,-0.025797,-0.010275,0.000000,
			0.542230,20.986858,-40.238266,1.000000;;,
			25;16;
			-0.044950,-0.883053,-0.467115,0.000000,
			0.004885,0.467388,-0.884039,0.000000,
			0.998977,-0.042019,-0.016696,0.000000,
			0.883800,21.021870,-38.009647,1.000000;;,
			26;16;
			-0.060555,-0.882146,-0.467068,0.000000,
			0.006603,0.467562,-0.883936,0.000000,
			0.998143,-0.056611,-0.022488,0.000000,
			1.194954,21.070271,-35.518059,1.000000;;,
			27;16;
			-0.073851,-0.881175,-0.466987,0.000000,
			0.008031,0.467725,-0.883838,0.000000,
			0.997237,-0.069023,-0.027465,0.000000,
			1.462244,21.122969,-33.183926,1.000000;;,
			28;16;
			-0.084173,-0.880273,-0.466941,0.000000,
			0.009171,0.467900,-0.883734,0.000000,
			0.996409,-0.078669,-0.031312,0.000000,
			1.671453,21.171331,-31.427673,1.000000;;,
			29;16;
			-0.090859,-0.879620,-0.466919,0.000000,
			0.009929,0.468035,-0.883654,0.000000,
			0.995814,-0.084924,-0.033791,0.000000,
			1.807851,21.206867,-30.669727,1.000000;;,
			30;16;
			-0.093245,-0.879380,-0.466900,0.000000,
			0.010118,0.468082,-0.883627,0.000000,
			0.995592,-0.087118,-0.034749,0.000000,
			1.856578,21.220787,-31.330513,1.000000;;;
		}
	}
	Animation {
		{Head}
		AnimationKey {
			4;
			31;
			0;16;
			-0.288617,-0.957388,0.010450,0.000000,
			-0.956803,0.288806,0.033452,0.000000,
			-0.035044,-0.000344,-0.999386,0.000000,
			58.005222,-2.534636,-0.000000,1.000000;;,
			1;16;
			-0.282647,-0.959173,0.009875,0.000000,
			-0.958629,0.282819,0.032302,0.000000,
			-0.033776,-0.000336,-0.999429,0.000000,
			58.579063,-2.581040,-0.000000,1.000000;;,
			2;16;
			-0.267073,-0.963640,0.008341,0.000000,
			-0.963205,0.267203,0.028949,0.000000,
			-0.030125,-0.000303,-0.999546,0.000000,
			60.058964,-2.700712,-0.000000,1.000000;;,
			3;16;
			-0.245578,-0.969356,0.006328,0.000000,
			-0.969055,0.245660,0.024157,0.000000,
			-0.024972,-0.000199,-0.999688,0.000000,
			62.082508,-2.864346,-0.000000,1.000000;;,
			4;16;
			-0.222092,-0.975016,0.004314,0.000000,
			-0.974846,0.222134,0.018215,0.000000,
			-0.018718,-0.000161,-0.999825,0.000000,
			64.287262,-3.042634,-0.000000,1.000000;;,
			5;16;
			-0.200446,-0.979701,0.002493,0.000000,
			-0.979630,0.200462,0.011792,0.000000,
			-0.012053,-0.000078,-0.999927,0.000000,
			66.310799,-3.206267,-0.000000,1.000000;;,
			6;16;
			-0.184548,-0.982823,0.001055,0.000000,
			-0.982808,0.184551,0.005465,0.000000,
			-0.005566,-0.000028,-0.999985,0.000000,
			67.790703,-3.325940,-0.000000,1.000000;;,
			7;16;
			-0.178325,-0.983972,0.000000,0.000000,
			-0.983972,0.178325,0.000000,0.000000,
			-0.000000,-0.000000,-1.000000,0.000000,
			68.364548,-3.372343,-0.000000,1.000000;;,
			8;16;
			-0.184548,-0.982823,-0.001055,0.000000,
			-0.982807,0.184551,-0.005561,0.000000,
			0.005660,0.000010,-0.999984,0.000000,
			67.790703,-3.325940,-0.000000,1.000000;;,
			9;16;
			-0.200446,-0.979701,-0.002588,0.000000,
			-0.979630,0.200463,-0.011792,0.000000,
			0.012072,0.000172,-0.999927,0.000000,
			66.310799,-3.206267,-0.000000,1.000000;;,
			10;16;
			-0.222092,-0.975016,-0.004314,0.000000,
			-0.974846,0.222134,-0.018215,0.000000,
			0.018718,0.000160,-0.999825,0.000000,
			64.287262,-3.042634,-0.000000,1.000000;;,
			11;16;
			-0.245578,-0.969356,-0.006423,0.000000,
			-0.969054,0.245662,-0.024157,0.000000,
			0.024995,0.000292,-0.999688,0.000000,
			62.082508,-2.864346,-0.000000,1.000000;;,
			12;16;
			-0.267073,-0.963640,-0.008340,0.000000,
			-0.963202,0.267203,-0.029045,0.000000,
			0.030217,0.000277,-0.999543,0.000000,
			60.058964,-2.700712,-0.000000,1.000000;;,
			13;16;
			-0.282647,-0.959173,-0.009874,0.000000,
			-0.958629,0.282819,-0.032302,0.000000,
			0.033776,0.000336,-0.999429,0.000000,
			58.579063,-2.581040,-0.000000,1.000000;;,
			14;16;
			-0.288617,-0.957388,-0.010450,0.000000,
			-0.956800,0.288806,-0.033548,0.000000,
			0.035136,0.000316,-0.999382,0.000000,
			58.005222,-2.534636,-0.000000,1.000000;;,
			15;16;
			-0.284026,-0.958765,-0.009970,0.000000,
			-0.958211,0.284201,-0.032590,0.000000,
			0.034079,0.000297,-0.999419,0.000000,
			58.450348,-2.570632,-0.000000,1.000000;;,
			16;16;
			-0.271781,-0.962319,-0.008820,0.000000,
			-0.961851,0.271924,-0.030003,0.000000,
			0.031271,0.000329,-0.999511,0.000000,
			59.623867,-2.665528,-0.000000,1.000000;;,
			17;16;
			-0.254303,-0.967098,-0.007190,0.000000,
			-0.966744,0.254404,-0.026170,0.000000,
			0.027138,0.000296,-0.999632,0.000000,
			61.282974,-2.799692,-0.000000,1.000000;;,
			18;16;
			-0.234225,-0.972168,-0.005368,0.000000,
			-0.971935,0.234287,-0.021282,0.000000,
			0.021947,0.000233,-0.999759,0.000000,
			63.184883,-2.953490,-0.000000,1.000000;;,
			19;16;
			-0.214045,-0.976817,-0.003643,0.000000,
			-0.976689,0.214076,-0.015818,0.000000,
			0.016232,0.000172,-0.999868,0.000000,
			65.086792,-3.107287,-0.000000,1.000000;;,
			20;16;
			-0.196406,-0.980520,-0.002109,0.000000,
			-0.980467,0.196418,-0.010258,0.000000,
			0.010473,0.000053,-0.999945,0.000000,
			66.745903,-3.241452,-0.000000,1.000000;;,
			21;16;
			-0.183888,-0.982947,-0.000959,0.000000,
			-0.982935,0.183890,-0.004794,0.000000,
			0.004888,0.000061,-0.999988,0.000000,
			67.919418,-3.336348,-0.000000,1.000000;;,
			22;16;
			-0.179080,-0.983835,0.000000,0.000000,
			-0.983835,0.179080,0.000000,0.000000,
			-0.000000,-0.000000,-1.000000,0.000000,
			68.364548,-3.372343,-0.000000,1.000000;;,
			23;16;
			-0.183888,-0.982947,0.000959,0.000000,
			-0.982935,0.183890,0.004793,0.000000,
			-0.004888,-0.000061,-0.999988,0.000000,
			67.919418,-3.336348,-0.000000,1.000000;;,
			24;16;
			-0.196406,-0.980520,0.002109,0.000000,
			-0.980468,0.196418,0.010162,0.000000,
			-0.010379,-0.000072,-0.999946,0.000000,
			66.745903,-3.241452,-0.000000,1.000000;;,
			25;16;
			-0.214045,-0.976817,0.003643,0.000000,
			-0.976689,0.214076,0.015818,0.000000,
			-0.016231,-0.000173,-0.999868,0.000000,
			65.086792,-3.107288,-0.000000,1.000000;;,
			26;16;
			-0.234225,-0.972168,0.005369,0.000000,
			-0.971935,0.234287,0.021282,0.000000,
			-0.021948,-0.000234,-0.999759,0.000000,
			63.184883,-2.953490,-0.000000,1.000000;;,
			27;16;
			-0.254303,-0.967098,0.007191,0.000000,
			-0.966746,0.254404,0.026074,0.000000,
			-0.027045,-0.000321,-0.999634,0.000000,
			61.282978,-2.799692,-0.000000,1.000000;;,
			28;16;
			-0.271781,-0.962319,0.008820,0.000000,
			-0.961851,0.271924,0.030002,0.000000,
			-0.031270,-0.000330,-0.999511,0.000000,
			59.623867,-2.665528,-0.000000,1.000000;;,
			29;16;
			-0.284026,-0.958765,0.009971,0.000000,
			-0.958211,0.284201,0.032589,0.000000,
			-0.034079,-0.000298,-0.999419,0.000000,
			58.450348,-2.570632,-0.000000,1.000000;;,
			30;16;
			-0.288617,-0.957388,0.010450,0.000000,
			-0.956803,0.288806,0.033452,0.000000,
			-0.035044,-0.000344,-0.999386,0.000000,
			58.005222,-2.534636,-0.000000,1.000000;;;
		}
	}
	Animation {
		{UpperTeethCTRL}
		AnimationKey {
			4;
			31;
			0;16;
			-0.000000,0.000000,-1.000000,0.000000,
			-0.951700,0.307029,0.000000,0.000000,
			0.307029,0.951700,-0.000000,0.000000,
			34.826504,0.000000,-0.000000,1.000000;;,
			1;16;
			-0.000000,0.000000,-1.000000,0.000000,
			-0.951700,0.307029,0.000000,0.000000,
			0.307029,0.951700,-0.000000,0.000000,
			34.826504,0.000000,-0.000000,1.000000;;,
			2;16;
			-0.000000,0.000000,-1.000000,0.000000,
			-0.951700,0.307029,0.000000,0.000000,
			0.307029,0.951700,-0.000000,0.000000,
			34.826504,0.000000,-0.000000,1.000000;;,
			3;16;
			-0.000000,0.000000,-1.000000,0.000000,
			-0.951700,0.307029,0.000000,0.000000,
			0.307029,0.951700,-0.000000,0.000000,
			34.826504,0.000000,-0.000000,1.000000;;,
			4;16;
			-0.000000,0.000000,-1.000000,0.000000,
			-0.951700,0.307029,0.000000,0.000000,
			0.307029,0.951700,-0.000000,0.000000,
			34.826504,0.000000,-0.000000,1.000000;;,
			5;16;
			-0.000000,0.000000,-1.000000,0.000000,
			-0.951700,0.307029,0.000000,0.000000,
			0.307029,0.951700,-0.000000,0.000000,
			34.826504,0.000000,-0.000000,1.000000;;,
			6;16;
			-0.000000,0.000000,-1.000000,0.000000,
			-0.951700,0.307029,0.000000,0.000000,
			0.307029,0.951700,-0.000000,0.000000,
			34.826504,0.000000,-0.000000,1.000000;;,
			7;16;
			-0.000000,0.000000,-1.000000,0.000000,
			-0.951700,0.307029,0.000000,0.000000,
			0.307029,0.951700,-0.000000,0.000000,
			34.826504,0.000000,-0.000000,1.000000;;,
			8;16;
			-0.000000,0.000000,-1.000000,0.000000,
			-0.951700,0.307029,0.000000,0.000000,
			0.307029,0.951700,-0.000000,0.000000,
			34.826504,0.000000,-0.000000,1.000000;;,
			9;16;
			-0.000000,0.000000,-1.000000,0.000000,
			-0.951700,0.307029,0.000000,0.000000,
			0.307029,0.951700,-0.000000,0.000000,
			34.826504,0.000000,-0.000000,1.000000;;,
			10;16;
			-0.000000,0.000000,-1.000000,0.000000,
			-0.951700,0.307029,0.000000,0.000000,
			0.307029,0.951700,-0.000000,0.000000,
			34.826504,0.000000,-0.000000,1.000000;;,
			11;16;
			-0.000000,0.000000,-1.000000,0.000000,
			-0.951700,0.307029,0.000000,0.000000,
			0.307029,0.951700,-0.000000,0.000000,
			34.826504,0.000000,-0.000000,1.000000;;,
			12;16;
			-0.000000,0.000000,-1.000000,0.000000,
			-0.951700,0.307029,0.000000,0.000000,
			0.307029,0.951700,-0.000000,0.000000,
			34.826504,0.000000,-0.000000,1.000000;;,
			13;16;
			-0.000000,0.000000,-1.000000,0.000000,
			-0.951700,0.307029,0.000000,0.000000,
			0.307029,0.951700,-0.000000,0.000000,
			34.826504,0.000000,-0.000000,1.000000;;,
			14;16;
			-0.000000,0.000000,-1.000000,0.000000,
			-0.951700,0.307029,0.000000,0.000000,
			0.307029,0.951700,-0.000000,0.000000,
			34.826504,0.000000,-0.000000,1.000000;;,
			15;16;
			-0.000000,0.000000,-1.000000,0.000000,
			-0.951700,0.307029,0.000000,0.000000,
			0.307029,0.951700,-0.000000,0.000000,
			34.826504,0.000000,-0.000000,1.000000;;,
			16;16;
			-0.000000,0.000000,-1.000000,0.000000,
			-0.951700,0.307029,0.000000,0.000000,
			0.307029,0.951700,-0.000000,0.000000,
			34.826504,0.000000,-0.000000,1.000000;;,
			17;16;
			-0.000000,0.000000,-1.000000,0.000000,
			-0.951700,0.307029,0.000000,0.000000,
			0.307029,0.951700,-0.000000,0.000000,
			34.826504,0.000000,-0.000000,1.000000;;,
			18;16;
			-0.000000,0.000000,-1.000000,0.000000,
			-0.951700,0.307029,0.000000,0.000000,
			0.307029,0.951700,-0.000000,0.000000,
			34.826504,0.000000,-0.000000,1.000000;;,
			19;16;
			-0.000000,0.000000,-1.000000,0.000000,
			-0.951700,0.307029,0.000000,0.000000,
			0.307029,0.951700,-0.000000,0.000000,
			34.826504,0.000000,-0.000000,1.000000;;,
			20;16;
			-0.000000,0.000000,-1.000000,0.000000,
			-0.951700,0.307029,0.000000,0.000000,
			0.307029,0.951700,-0.000000,0.000000,
			34.826504,0.000000,-0.000000,1.000000;;,
			21;16;
			-0.000000,0.000000,-1.000000,0.000000,
			-0.951700,0.307029,0.000000,0.000000,
			0.307029,0.951700,-0.000000,0.000000,
			34.826504,0.000000,-0.000000,1.000000;;,
			22;16;
			-0.000000,0.000000,-1.000000,0.000000,
			-0.951700,0.307029,0.000000,0.000000,
			0.307029,0.951700,-0.000000,0.000000,
			34.826504,0.000000,-0.000000,1.000000;;,
			23;16;
			-0.000000,0.000000,-1.000000,0.000000,
			-0.951700,0.307029,0.000000,0.000000,
			0.307029,0.951700,-0.000000,0.000000,
			34.826504,0.000000,-0.000000,1.000000;;,
			24;16;
			-0.000000,0.000000,-1.000000,0.000000,
			-0.951700,0.307029,0.000000,0.000000,
			0.307029,0.951700,-0.000000,0.000000,
			34.826504,0.000000,-0.000000,1.000000;;,
			25;16;
			-0.000000,0.000000,-1.000000,0.000000,
			-0.951700,0.307029,0.000000,0.000000,
			0.307029,0.951700,-0.000000,0.000000,
			34.826504,0.000000,-0.000000,1.000000;;,
			26;16;
			-0.000000,0.000000,-1.000000,0.000000,
			-0.951700,0.307029,0.000000,0.000000,
			0.307029,0.951700,-0.000000,0.000000,
			34.826504,0.000000,-0.000000,1.000000;;,
			27;16;
			-0.000000,0.000000,-1.000000,0.000000,
			-0.951700,0.307029,0.000000,0.000000,
			0.307029,0.951700,-0.000000,0.000000,
			34.826504,0.000000,-0.000000,1.000000;;,
			28;16;
			-0.000000,0.000000,-1.000000,0.000000,
			-0.951700,0.307029,0.000000,0.000000,
			0.307029,0.951700,-0.000000,0.000000,
			34.826504,0.000000,-0.000000,1.000000;;,
			29;16;
			-0.000000,0.000000,-1.000000,0.000000,
			-0.951700,0.307029,0.000000,0.000000,
			0.307029,0.951700,-0.000000,0.000000,
			34.826504,0.000000,-0.000000,1.000000;;,
			30;16;
			-0.000000,0.000000,-1.000000,0.000000,
			-0.951700,0.307029,0.000000,0.000000,
			0.307029,0.951700,-0.000000,0.000000,
			34.826504,0.000000,-0.000000,1.000000;;;
		}
	}
	Animation {
		{EyeCTRL}
		AnimationKey {
			4;
			31;
			0;16;
			0.921365,-0.388698,0.000000,0.000000,
			-0.388698,-0.921365,-0.000000,0.000000,
			0.000000,0.000000,-1.000000,0.000000,
			8.724464,-10.207933,0.000000,1.000000;;,
			1;16;
			0.918129,-0.396282,0.000000,0.000000,
			-0.396282,-0.918129,-0.000000,0.000000,
			0.000000,0.000000,-1.000000,0.000000,
			8.724464,-10.207933,0.000000,1.000000;;,
			2;16;
			0.909726,-0.415209,0.000000,0.000000,
			-0.415209,-0.909726,-0.000000,0.000000,
			0.000000,0.000000,-1.000000,0.000000,
			8.724464,-10.207933,0.000000,1.000000;;,
			3;16;
			0.898296,-0.439392,0.000000,0.000000,
			-0.439392,-0.898296,-0.000000,0.000000,
			0.000000,0.000000,-1.000000,0.000000,
			8.724464,-10.207933,0.000000,1.000000;;,
			4;16;
			0.886178,-0.463345,-0.000000,0.000000,
			-0.463345,-0.886178,-0.000000,0.000000,
			0.000000,0.000000,-1.000000,0.000000,
			8.724464,-10.207933,0.000000,1.000000;;,
			5;16;
			0.876440,-0.481512,-0.000000,0.000000,
			-0.481512,-0.876440,-0.000000,0.000000,
			0.000000,0.000000,-1.000000,0.000000,
			8.724464,-10.207933,0.000000,1.000000;;,
			6;16;
			0.872440,-0.488721,-0.000000,0.000000,
			-0.488721,-0.872440,-0.000000,0.000000,
			0.000000,0.000000,-1.000000,0.000000,
			8.724464,-10.207933,0.000000,1.000000;;,
			7;16;
			0.875422,-0.483359,-0.000000,0.000000,
			-0.483359,-0.875422,-0.000000,0.000000,
			0.000000,0.000000,-1.000000,0.000000,
			8.724464,-10.207933,0.000000,1.000000;;,
			8;16;
			0.883004,-0.469366,-0.000000,0.000000,
			-0.469366,-0.883004,-0.000000,0.000000,
			0.000000,0.000000,-1.000000,0.000000,
			8.724464,-10.207933,0.000000,1.000000;;,
			9;16;
			0.893009,-0.450039,0.000000,0.000000,
			-0.450039,-0.893009,-0.000000,0.000000,
			0.000000,0.000000,-1.000000,0.000000,
			8.724464,-10.207933,0.000000,1.000000;;,
			10;16;
			0.903415,-0.428768,0.000000,0.000000,
			-0.428768,-0.903415,-0.000000,0.000000,
			0.000000,0.000000,-1.000000,0.000000,
			8.724464,-10.207933,0.000000,1.000000;;,
			11;16;
			0.912531,-0.409007,0.000000,0.000000,
			-0.409007,-0.912531,-0.000000,0.000000,
			0.000000,0.000000,-1.000000,0.000000,
			8.724464,-10.207933,0.000000,1.000000;;,
			12;16;
			0.918925,-0.394433,0.000000,0.000000,
			-0.394433,-0.918925,-0.000000,0.000000,
			0.000000,0.000000,-1.000000,0.000000,
			8.724464,-10.207933,0.000000,1.000000;;,
			13;16;
			0.921365,-0.388698,0.000000,0.000000,
			-0.388698,-0.921365,-0.000000,0.000000,
			0.000000,0.000000,-1.000000,0.000000,
			8.724464,-10.207933,0.000000,1.000000;;,
			14;16;
			0.919566,-0.392934,0.000000,0.000000,
			-0.392934,-0.919566,-0.000000,0.000000,
			0.000000,0.000000,-1.000000,0.000000,
			8.724464,-10.207933,0.000000,1.000000;;,
			15;16;
			0.914714,-0.404102,0.000000,0.000000,
			-0.404102,-0.914714,-0.000000,0.000000,
			0.000000,0.000000,-1.000000,0.000000,
			8.724464,-10.207933,0.000000,1.000000;;,
			16;16;
			0.907685,-0.419652,0.000000,0.000000,
			-0.419652,-0.907685,-0.000000,0.000000,
			0.000000,0.000000,-1.000000,0.000000,
			8.724464,-10.207933,0.000000,1.000000;;,
			17;16;
			0.899262,-0.437409,0.000000,0.000000,
			-0.437409,-0.899262,-0.000000,0.000000,
			0.000000,0.000000,-1.000000,0.000000,
			8.724464,-10.207933,0.000000,1.000000;;,
			18;16;
			0.890536,-0.454913,0.000000,0.000000,
			-0.454913,-0.890536,-0.000000,0.000000,
			0.000000,0.000000,-1.000000,0.000000,
			8.724464,-10.207933,0.000000,1.000000;;,
			19;16;
			0.882598,-0.470128,-0.000000,0.000000,
			-0.470128,-0.882598,-0.000000,0.000000,
			0.000000,0.000000,-1.000000,0.000000,
			8.724464,-10.207933,0.000000,1.000000;;,
			20;16;
			0.876855,-0.480755,-0.000000,0.000000,
			-0.480755,-0.876855,-0.000000,0.000000,
			0.000000,0.000000,-1.000000,0.000000,
			8.724464,-10.207933,0.000000,1.000000;;,
			21;16;
			0.874633,-0.484785,-0.000000,0.000000,
			-0.484785,-0.874633,-0.000000,0.000000,
			0.000000,0.000000,-1.000000,0.000000,
			8.724464,-10.207933,0.000000,1.000000;;,
			22;16;
			0.876394,-0.481596,-0.000000,0.000000,
			-0.481596,-0.876394,-0.000000,0.000000,
			0.000000,0.000000,-1.000000,0.000000,
			8.724464,-10.207933,0.000000,1.000000;;,
			23;16;
			0.881106,-0.472918,-0.000000,0.000000,
			-0.472918,-0.881106,-0.000000,0.000000,
			0.000000,0.000000,-1.000000,0.000000,
			8.724464,-10.207933,0.000000,1.000000;;,
			24;16;
			0.887728,-0.460368,-0.000000,0.000000,
			-0.460368,-0.887728,-0.000000,0.000000,
			0.000000,0.000000,-1.000000,0.000000,
			8.724464,-10.207933,0.000000,1.000000;;,
			25;16;
			0.895369,-0.445324,0.000000,0.000000,
			-0.445324,-0.895369,-0.000000,0.000000,
			0.000000,0.000000,-1.000000,0.000000,
			8.724464,-10.207933,0.000000,1.000000;;,
			26;16;
			0.903126,-0.429374,0.000000,0.000000,
			-0.429374,-0.903126,-0.000000,0.000000,
			0.000000,0.000000,-1.000000,0.000000,
			8.724464,-10.207933,0.000000,1.000000;;,
			27;16;
			0.910243,-0.414075,0.000000,0.000000,
			-0.414075,-0.910243,-0.000000,0.000000,
			0.000000,0.000000,-1.000000,0.000000,
			8.724464,-10.207933,0.000000,1.000000;;,
			28;16;
			0.916026,-0.401118,0.000000,0.000000,
			-0.401118,-0.916026,-0.000000,0.000000,
			0.000000,0.000000,-1.000000,0.000000,
			8.724464,-10.207933,0.000000,1.000000;;,
			29;16;
			0.919905,-0.392141,0.000000,0.000000,
			-0.392141,-0.919905,-0.000000,0.000000,
			0.000000,0.000000,-1.000000,0.000000,
			8.724464,-10.207933,0.000000,1.000000;;,
			30;16;
			0.921365,-0.388698,0.000000,0.000000,
			-0.388698,-0.921365,-0.000000,0.000000,
			0.000000,0.000000,-1.000000,0.000000,
			8.724464,-10.207933,0.000000,1.000000;;;
		}
	}
	Animation {
		{EyeBallCTRL}
		AnimationKey {
			4;
			31;
			0;16;
			0.000000,0.000000,1.000000,0.000000,
			-0.913431,0.406993,0.000000,0.000000,
			-0.406993,-0.913431,0.000000,0.000000,
			16.846575,0.000000,-0.000000,1.000000;;,
			1;16;
			0.000000,0.000000,1.000000,0.000000,
			-0.913431,0.406993,0.000000,0.000000,
			-0.406993,-0.913431,0.000000,0.000000,
			16.846575,0.000000,-0.000000,1.000000;;,
			2;16;
			0.000000,0.000000,1.000000,0.000000,
			-0.913431,0.406993,0.000000,0.000000,
			-0.406993,-0.913431,0.000000,0.000000,
			16.846575,0.000000,-0.000000,1.000000;;,
			3;16;
			0.000000,0.000000,1.000000,0.000000,
			-0.913431,0.406993,0.000000,0.000000,
			-0.406993,-0.913431,0.000000,0.000000,
			16.846575,0.000000,-0.000000,1.000000;;,
			4;16;
			0.000000,0.000000,1.000000,0.000000,
			-0.913431,0.406993,0.000000,0.000000,
			-0.406993,-0.913431,0.000000,0.000000,
			16.846575,0.000000,-0.000000,1.000000;;,
			5;16;
			0.000000,0.000000,1.000000,0.000000,
			-0.913431,0.406993,0.000000,0.000000,
			-0.406993,-0.913431,0.000000,0.000000,
			16.846575,0.000000,-0.000000,1.000000;;,
			6;16;
			0.000000,0.000000,1.000000,0.000000,
			-0.913431,0.406993,0.000000,0.000000,
			-0.406993,-0.913431,0.000000,0.000000,
			16.846575,0.000000,-0.000000,1.000000;;,
			7;16;
			0.000000,0.000000,1.000000,0.000000,
			-0.913431,0.406993,0.000000,0.000000,
			-0.406993,-0.913431,0.000000,0.000000,
			16.846575,0.000000,-0.000000,1.000000;;,
			8;16;
			0.000000,0.000000,1.000000,0.000000,
			-0.913431,0.406993,0.000000,0.000000,
			-0.406993,-0.913431,0.000000,0.000000,
			16.846575,0.000000,-0.000000,1.000000;;,
			9;16;
			0.000000,0.000000,1.000000,0.000000,
			-0.913431,0.406993,0.000000,0.000000,
			-0.406993,-0.913431,0.000000,0.000000,
			16.846575,0.000000,-0.000000,1.000000;;,
			10;16;
			0.000000,0.000000,1.000000,0.000000,
			-0.913431,0.406993,0.000000,0.000000,
			-0.406993,-0.913431,0.000000,0.000000,
			16.846575,0.000000,-0.000000,1.000000;;,
			11;16;
			0.000000,0.000000,1.000000,0.000000,
			-0.913431,0.406993,0.000000,0.000000,
			-0.406993,-0.913431,0.000000,0.000000,
			16.846575,0.000000,-0.000000,1.000000;;,
			12;16;
			0.000000,0.000000,1.000000,0.000000,
			-0.913431,0.406993,0.000000,0.000000,
			-0.406993,-0.913431,0.000000,0.000000,
			16.846575,0.000000,-0.000000,1.000000;;,
			13;16;
			0.000000,0.000000,1.000000,0.000000,
			-0.913431,0.406993,0.000000,0.000000,
			-0.406993,-0.913431,0.000000,0.000000,
			16.846575,0.000000,-0.000000,1.000000;;,
			14;16;
			0.000000,0.000000,1.000000,0.000000,
			-0.913431,0.406993,0.000000,0.000000,
			-0.406993,-0.913431,0.000000,0.000000,
			16.846575,0.000000,-0.000000,1.000000;;,
			15;16;
			0.000000,0.000000,1.000000,0.000000,
			-0.913431,0.406993,0.000000,0.000000,
			-0.406993,-0.913431,0.000000,0.000000,
			16.846575,0.000000,-0.000000,1.000000;;,
			16;16;
			0.000000,0.000000,1.000000,0.000000,
			-0.913431,0.406993,0.000000,0.000000,
			-0.406993,-0.913431,0.000000,0.000000,
			16.846575,0.000000,-0.000000,1.000000;;,
			17;16;
			0.000000,0.000000,1.000000,0.000000,
			-0.913431,0.406993,0.000000,0.000000,
			-0.406993,-0.913431,0.000000,0.000000,
			16.846575,0.000000,-0.000000,1.000000;;,
			18;16;
			0.000000,0.000000,1.000000,0.000000,
			-0.913431,0.406993,0.000000,0.000000,
			-0.406993,-0.913431,0.000000,0.000000,
			16.846575,0.000000,-0.000000,1.000000;;,
			19;16;
			0.000000,0.000000,1.000000,0.000000,
			-0.913431,0.406993,0.000000,0.000000,
			-0.406993,-0.913431,0.000000,0.000000,
			16.846575,0.000000,-0.000000,1.000000;;,
			20;16;
			0.000000,0.000000,1.000000,0.000000,
			-0.913431,0.406993,0.000000,0.000000,
			-0.406993,-0.913431,0.000000,0.000000,
			16.846575,0.000000,-0.000000,1.000000;;,
			21;16;
			0.000000,0.000000,1.000000,0.000000,
			-0.913431,0.406993,0.000000,0.000000,
			-0.406993,-0.913431,0.000000,0.000000,
			16.846575,0.000000,-0.000000,1.000000;;,
			22;16;
			0.000000,0.000000,1.000000,0.000000,
			-0.913431,0.406993,0.000000,0.000000,
			-0.406993,-0.913431,0.000000,0.000000,
			16.846575,0.000000,-0.000000,1.000000;;,
			23;16;
			0.000000,0.000000,1.000000,0.000000,
			-0.913431,0.406993,0.000000,0.000000,
			-0.406993,-0.913431,0.000000,0.000000,
			16.846575,0.000000,-0.000000,1.000000;;,
			24;16;
			0.000000,0.000000,1.000000,0.000000,
			-0.913431,0.406993,0.000000,0.000000,
			-0.406993,-0.913431,0.000000,0.000000,
			16.846575,0.000000,-0.000000,1.000000;;,
			25;16;
			0.000000,0.000000,1.000000,0.000000,
			-0.913431,0.406993,0.000000,0.000000,
			-0.406993,-0.913431,0.000000,0.000000,
			16.846575,0.000000,-0.000000,1.000000;;,
			26;16;
			0.000000,0.000000,1.000000,0.000000,
			-0.913431,0.406993,0.000000,0.000000,
			-0.406993,-0.913431,0.000000,0.000000,
			16.846575,0.000000,-0.000000,1.000000;;,
			27;16;
			0.000000,0.000000,1.000000,0.000000,
			-0.913431,0.406993,0.000000,0.000000,
			-0.406993,-0.913431,0.000000,0.000000,
			16.846575,0.000000,-0.000000,1.000000;;,
			28;16;
			0.000000,0.000000,1.000000,0.000000,
			-0.913431,0.406993,0.000000,0.000000,
			-0.406993,-0.913431,0.000000,0.000000,
			16.846575,0.000000,-0.000000,1.000000;;,
			29;16;
			0.000000,0.000000,1.000000,0.000000,
			-0.913431,0.406993,0.000000,0.000000,
			-0.406993,-0.913431,0.000000,0.000000,
			16.846575,0.000000,-0.000000,1.000000;;,
			30;16;
			0.000000,0.000000,1.000000,0.000000,
			-0.913431,0.406993,0.000000,0.000000,
			-0.406993,-0.913431,0.000000,0.000000,
			16.846575,0.000000,-0.000000,1.000000;;;
		}
	}
	Animation {
		{UppderEyeLid}
		AnimationKey {
			4;
			31;
			0;16;
			0.000000,0.000000,1.000000,0.000000,
			-0.974812,0.223028,0.000000,0.000000,
			-0.223028,-0.974812,0.000000,0.000000,
			16.846575,0.000000,-0.000000,1.000000;;,
			1;16;
			0.000000,0.000000,1.000000,0.000000,
			-0.977212,0.212267,0.000000,0.000000,
			-0.212267,-0.977212,0.000000,0.000000,
			16.846575,0.000000,-0.000000,1.000000;;,
			2;16;
			0.000000,0.000000,1.000000,0.000000,
			-0.982824,0.184547,0.000000,0.000000,
			-0.184547,-0.982824,0.000000,0.000000,
			16.846575,0.000000,-0.000000,1.000000;;,
			3;16;
			0.000000,0.000000,1.000000,0.000000,
			-0.989289,0.145972,0.000000,0.000000,
			-0.145972,-0.989289,0.000000,0.000000,
			16.846575,0.000000,-0.000000,1.000000;;,
			4;16;
			0.000000,0.000000,1.000000,0.000000,
			-0.995100,0.098876,0.000000,0.000000,
			-0.098876,-0.995100,0.000000,0.000000,
			16.846575,0.000000,-0.000000,1.000000;;,
			5;16;
			0.000000,0.000000,1.000000,0.000000,
			-0.998384,0.056822,0.000000,0.000000,
			-0.056822,-0.998384,0.000000,0.000000,
			16.846575,0.000000,-0.000000,1.000000;;,
			6;16;
			0.000000,0.000000,1.000000,0.000000,
			-0.999250,0.038723,0.000000,0.000000,
			-0.038723,-0.999250,0.000000,0.000000,
			16.846575,0.000000,-0.000000,1.000000;;,
			7;16;
			0.000000,0.000000,1.000000,0.000000,
			-0.998476,0.055195,0.000000,0.000000,
			-0.055195,-0.998476,0.000000,0.000000,
			16.846575,0.000000,-0.000000,1.000000;;,
			8;16;
			0.000000,0.000000,1.000000,0.000000,
			-0.995481,0.094963,0.000000,0.000000,
			-0.094963,-0.995481,0.000000,0.000000,
			16.846575,0.000000,-0.000000,1.000000;;,
			9;16;
			0.000000,0.000000,1.000000,0.000000,
			-0.989841,0.142177,0.000000,0.000000,
			-0.142177,-0.989841,0.000000,0.000000,
			16.846575,0.000000,-0.000000,1.000000;;,
			10;16;
			0.000000,0.000000,1.000000,0.000000,
			-0.982894,0.184170,0.000000,0.000000,
			-0.184170,-0.982894,0.000000,0.000000,
			16.846575,0.000000,-0.000000,1.000000;;,
			11;16;
			0.000000,0.000000,1.000000,0.000000,
			-0.975597,0.219569,0.000000,0.000000,
			-0.219569,-0.975597,0.000000,0.000000,
			16.846575,0.000000,-0.000000,1.000000;;,
			12;16;
			0.000000,0.000000,1.000000,0.000000,
			-0.969728,0.244189,0.000000,0.000000,
			-0.244189,-0.969728,0.000000,0.000000,
			16.846575,0.000000,-0.000000,1.000000;;,
			13;16;
			0.000000,0.000000,1.000000,0.000000,
			-0.967342,0.253475,0.000000,0.000000,
			-0.253475,-0.967342,0.000000,0.000000,
			16.846575,0.000000,-0.000000,1.000000;;,
			14;16;
			0.000000,0.000000,1.000000,0.000000,
			-0.969187,0.246326,0.000000,0.000000,
			-0.246326,-0.969187,0.000000,0.000000,
			16.846575,0.000000,-0.000000,1.000000;;,
			15;16;
			0.000000,0.000000,1.000000,0.000000,
			-0.973906,0.226951,0.000000,0.000000,
			-0.226951,-0.973906,0.000000,0.000000,
			16.846575,0.000000,-0.000000,1.000000;;,
			16;16;
			0.000000,0.000000,1.000000,0.000000,
			-0.980125,0.198380,0.000000,0.000000,
			-0.198380,-0.980125,0.000000,0.000000,
			16.846575,0.000000,-0.000000,1.000000;;,
			17;16;
			0.000000,0.000000,1.000000,0.000000,
			-0.986450,0.164062,0.000000,0.000000,
			-0.164062,-0.986450,0.000000,0.000000,
			16.846575,0.000000,-0.000000,1.000000;;,
			18;16;
			0.000000,0.000000,1.000000,0.000000,
			-0.992207,0.124599,0.000000,0.000000,
			-0.124599,-0.992207,0.000000,0.000000,
			16.846575,0.000000,-0.000000,1.000000;;,
			19;16;
			0.000000,0.000000,1.000000,0.000000,
			-0.996491,0.083696,0.000000,0.000000,
			-0.083696,-0.996491,0.000000,0.000000,
			16.846575,0.000000,-0.000000,1.000000;;,
			20;16;
			0.000000,0.000000,1.000000,0.000000,
			-0.998670,0.051557,0.000000,0.000000,
			-0.051557,-0.998670,0.000000,0.000000,
			16.846575,0.000000,-0.000000,1.000000;;,
			21;16;
			0.000000,0.000000,1.000000,0.000000,
			-0.999250,0.038723,0.000000,0.000000,
			-0.038723,-0.999250,0.000000,0.000000,
			16.846575,0.000000,-0.000000,1.000000;;,
			22;16;
			0.000000,0.000000,1.000000,0.000000,
			-0.998883,0.047248,0.000000,0.000000,
			-0.047248,-0.998883,0.000000,0.000000,
			16.846575,0.000000,-0.000000,1.000000;;,
			23;16;
			0.000000,0.000000,1.000000,0.000000,
			-0.997605,0.069166,0.000000,0.000000,
			-0.069166,-0.997605,0.000000,0.000000,
			16.846575,0.000000,-0.000000,1.000000;;,
			24;16;
			0.000000,0.000000,1.000000,0.000000,
			-0.995100,0.098876,0.000000,0.000000,
			-0.098876,-0.995100,0.000000,0.000000,
			16.846575,0.000000,-0.000000,1.000000;;,
			25;16;
			0.000000,0.000000,1.000000,0.000000,
			-0.991411,0.130780,0.000000,0.000000,
			-0.130780,-0.991411,0.000000,0.000000,
			16.846575,0.000000,-0.000000,1.000000;;,
			26;16;
			0.000000,0.000000,1.000000,0.000000,
			-0.987118,0.159994,0.000000,0.000000,
			-0.159994,-0.987118,0.000000,0.000000,
			16.846575,0.000000,-0.000000,1.000000;;,
			27;16;
			0.000000,0.000000,1.000000,0.000000,
			-0.982824,0.184547,0.000000,0.000000,
			-0.184547,-0.982824,0.000000,0.000000,
			16.846575,0.000000,-0.000000,1.000000;;,
			28;16;
			0.000000,0.000000,1.000000,0.000000,
			-0.978850,0.204578,0.000000,0.000000,
			-0.204578,-0.978850,0.000000,0.000000,
			16.846575,0.000000,-0.000000,1.000000;;,
			29;16;
			0.000000,0.000000,1.000000,0.000000,
			-0.975933,0.218072,0.000000,0.000000,
			-0.218072,-0.975933,0.000000,0.000000,
			16.846575,0.000000,-0.000000,1.000000;;,
			30;16;
			0.000000,0.000000,1.000000,0.000000,
			-0.974812,0.223028,0.000000,0.000000,
			-0.223028,-0.974812,0.000000,0.000000,
			16.846575,0.000000,-0.000000,1.000000;;;
		}
	}
	Animation {
		{LowerEyelid}
		AnimationKey {
			4;
			31;
			0;16;
			0.000000,0.000000,1.000000,0.000000,
			-0.986450,0.164062,0.000000,0.000000,
			-0.164062,-0.986450,0.000000,0.000000,
			16.846575,0.000000,-0.000000,1.000000;;,
			1;16;
			0.000000,0.000000,1.000000,0.000000,
			-0.986450,0.164062,0.000000,0.000000,
			-0.164062,-0.986450,0.000000,0.000000,
			16.846575,0.000000,-0.000000,1.000000;;,
			2;16;
			0.000000,0.000000,1.000000,0.000000,
			-0.986450,0.164062,0.000000,0.000000,
			-0.164062,-0.986450,0.000000,0.000000,
			16.846575,0.000000,-0.000000,1.000000;;,
			3;16;
			0.000000,0.000000,1.000000,0.000000,
			-0.986450,0.164062,0.000000,0.000000,
			-0.164062,-0.986450,0.000000,0.000000,
			16.846575,0.000000,-0.000000,1.000000;;,
			4;16;
			0.000000,0.000000,1.000000,0.000000,
			-0.986450,0.164062,0.000000,0.000000,
			-0.164062,-0.986450,0.000000,0.000000,
			16.846575,0.000000,-0.000000,1.000000;;,
			5;16;
