xof 0303txt 0032
Material lambert1 {
	0.800000;0.800000;0.800000;1.000000;;
	0.000000;
	0.000000;0.000000;0.000000;;
	0.000000;0.000000;0.000000;;
	TextureFilename {
		"polyArtTex.png";
	}
}
Frame root {
	FrameTransformMatrix {
		0.010000,0.000000,0.000000,0.000000,
		0.000000,-0.000000,0.010000,0.000000,
		0.000000,-0.010000,-0.000000,0.000000,
		0.000000,0.000000,0.000000,1.000000;;
	}
	Frame pelvis {
		FrameTransformMatrix {
			-0.000000,-0.008101,-0.999967,0.000000,
			-0.000000,0.999967,-0.008101,0.000000,
			1.000000,-0.000000,-0.000000,0.000000,
			0.000000,0.281806,-74.897903,1.000000;;
		}
		Frame spine_01 {
			FrameTransformMatrix {
				0.992109,-0.125379,0.000000,0.000000,
				0.125379,0.992109,0.000000,0.000000,
				0.000000,0.000000,1.000000,0.000000,
				11.897056,-2.768344,0.000000,1.000000;;
			}
			Frame spine_02 {
				FrameTransformMatrix {
					0.971905,0.235374,0.000000,0.000000,
					-0.235374,0.971905,0.000000,0.000000,
					0.000000,0.000000,1.000000,0.000000,
					14.500739,1.261342,0.000000,1.000000;;
				}
				Frame spine_03 {
					FrameTransformMatrix {
						0.996790,0.080065,0.000000,0.000000,
						-0.080065,0.996790,0.000000,0.000000,
						0.000000,0.000000,1.000000,0.000000,
						12.496109,0.321524,0.000000,1.000000;;
					}
					Frame neck_01 {
						FrameTransformMatrix {
							0.930267,-0.366884,0.000000,0.000000,
							0.366884,0.930267,0.000000,0.000000,
							0.000000,0.000000,1.000000,0.000000,
							21.878693,0.005165,0.000000,1.000000;;
						}
						Frame head {
							FrameTransformMatrix {
								0.981679,0.190542,0.000000,0.000000,
								-0.190542,0.981679,0.000000,0.000000,
								0.000000,0.000000,1.000000,0.000000,
								25.710386,0.140607,0.000000,1.000000;;
							}
							Frame Hair01_l {
								FrameTransformMatrix {
									-0.854238,-0.494134,0.161581,0.000000,
									-0.485525,0.869386,0.091838,0.000000,
									-0.185856,-0.000000,-0.982577,0.000000,
									-2.802900,-2.445666,17.216135,1.000000;;
								}
								Frame Hair02_l {
									FrameTransformMatrix {
										0.919433,-0.391611,-0.035831,0.000000,
										0.389883,0.919668,-0.046924,0.000000,
										0.051329,0.029174,0.998256,0.000000,
										17.107462,0.000000,0.000000,1.000000;;
									}
									Frame Hair03_l {
										FrameTransformMatrix {
											-0.000485,0.184885,-0.982760,0.000000,
											-0.793428,0.598099,0.112911,0.000000,
											0.608664,0.779804,0.146403,0.000000,
											17.868711,0.000000,0.000000,1.000000;;
										}
									}
								}
							}
							Frame Hair01_r {
								FrameTransformMatrix {
									0.854239,0.494134,0.161581,0.000000,
									0.485524,-0.869386,0.091838,0.000000,
									0.185856,-0.000000,-0.982577,0.000000,
									-2.802879,-2.445665,-17.216101,1.000000;;
								}
								Frame Hair02_r {
									FrameTransformMatrix {
										0.919433,-0.391611,-0.035831,0.000000,
										0.389883,0.919668,-0.046924,0.000000,
										0.051329,0.029174,0.998256,0.000000,
										-17.107590,-0.000088,0.000030,1.000000;;
									}
									Frame Hair03_r {
										FrameTransformMatrix {
											-0.000485,0.184885,-0.982760,0.000000,
											-0.793428,0.598099,0.112911,0.000000,
											0.608664,0.779804,0.146403,0.000000,
											-17.868824,-0.000087,-0.000017,1.000000;;
										}
									}
								}
							}
						}
					}
					Frame clavicle_l {
						FrameTransformMatrix {
							-0.132891,0.446703,0.884758,0.000000,
							0.261615,0.876826,-0.403403,0.000000,
							-0.955980,0.177857,-0.233386,0.000000,
							8.485651,-3.456696,9.015220,1.000000;;
						}
						Frame upperarm_l {
							FrameTransformMatrix {
								0.879714,-0.414266,-0.233425,0.000000,
								0.425892,0.904774,-0.000657,0.000000,
								0.211469,-0.098836,0.972375,0.000000,
								12.778380,0.000000,0.000000,1.000000;;
							}
							Frame lowerarm_l {
								FrameTransformMatrix {
									0.999943,0.010708,0.000000,0.000000,
									-0.010708,0.999943,0.000000,0.000000,
									0.000000,0.000000,1.000000,0.000000,
									35.128559,1.515315,-0.004476,1.000000;;
								}
								Frame hand_l {
									FrameTransformMatrix {
										0.999564,0.004909,0.029122,0.000000,
										-0.029150,0.005829,0.999558,0.000000,
										0.004737,-0.999971,0.005970,0.000000,
										23.148167,-0.587805,0.000000,1.000000;;
									}
									Frame thumb_01_l {
										FrameTransformMatrix {
											0.793973,0.250806,0.553807,0.000000,
											0.564160,0.035519,-0.824901,0.000000,
											-0.226561,0.967386,-0.113294,0.000000,
											7.761036,2.573662,8.277136,1.000000;;
										}
										Frame thumb_02_l {
											FrameTransformMatrix {
												0.967212,0.207091,0.147017,0.000000,
												-0.213037,0.976705,0.025746,0.000000,
												-0.138260,-0.056222,0.988799,0.000000,
												9.421203,-0.593851,-0.083314,1.000000;;
											}
											Frame thumb_03_l {
												FrameTransformMatrix {
													0.996908,0.056475,0.054638,0.000000,
													-0.056362,0.998404,-0.003600,0.000000,
													-0.054754,0.000509,0.998500,0.000000,
													8.910820,-0.377085,-0.058631,1.000000;;
												}
											}
										}
									}
									Frame index_01_l {
										FrameTransformMatrix {
											0.990884,0.133189,0.020244,0.000000,
											-0.128329,0.978900,-0.159017,0.000000,
											-0.040996,0.154969,0.987068,0.000000,
											16.470049,-1.438421,6.613763,1.000000;;
										}
										Frame index_02_l {
											FrameTransformMatrix {
												0.992136,0.124928,0.007690,0.000000,
												-0.124908,0.992164,-0.002970,0.000000,
												-0.008001,0.001986,0.999966,0.000000,
												9.508547,-0.644083,0.623717,1.000000;;
											}
											Frame index_03_l {
												FrameTransformMatrix {
													0.999086,0.000000,0.042746,0.000000,
													0.001634,0.999269,-0.038183,0.000000,
													-0.042715,0.038218,0.998356,0.000000,
													6.657951,-1.016678,0.346394,1.000000;;
												}
											}
										}
									}
									Frame ring_01_l {
										FrameTransformMatrix {
											0.985220,0.171125,-0.007590,0.000000,
											-0.171085,0.985240,0.005596,0.000000,
											0.008436,-0.004215,0.999956,0.000000,
											17.496222,-2.933048,-3.587839,1.000000;;
										}
										Frame ring_02_l {
											FrameTransformMatrix {
												0.991897,0.124099,-0.027199,0.000000,
												-0.124909,0.991702,-0.030417,0.000000,
												0.023199,0.033568,0.999167,0.000000,
												8.391934,-0.606711,-0.010261,1.000000;;
											}
											Frame ring_03_l {
												FrameTransformMatrix {
													0.999811,0.000000,0.019435,0.000000,
													0.000000,1.000000,0.000000,0.000000,
													-0.019435,0.000000,0.999811,0.000000,
													7.046853,-1.159921,0.318573,1.000000;;
												}
											}
										}
									}
								}
							}
						}
						Frame Shoulder_l {
							FrameTransformMatrix {
								0.819207,-0.373515,-0.435185,0.000000,
								0.414860,0.909885,0.000000,0.000000,
								0.395969,-0.180541,0.900341,0.000000,
								10.304173,0.218627,-8.783108,1.000000;;
							}
							Frame FrontGarment01_l {
								FrameTransformMatrix {
									-0.184592,-0.202258,0.961778,0.000000,
									-0.038123,0.979332,0.198633,0.000000,
									-0.982076,0.000000,-0.188488,0.000000,
									6.505432,-12.660301,4.465258,1.000000;;
								}
								Frame FrontGarment02_l {
									FrameTransformMatrix {
										0.990443,0.013610,-0.137251,0.000000,
										-0.017355,0.999508,-0.026126,0.000000,
										0.136828,0.028258,0.990192,0.000000,
										41.093178,0.000000,0.000000,1.000000;;
									}
									Frame FrontGarment03_l {
										FrameTransformMatrix {
											0.999928,-0.009892,-0.006751,0.000000,
											0.009883,0.999950,-0.001354,0.000000,
											0.006764,0.001287,0.999976,0.000000,
											41.610046,0.000000,0.000000,1.000000;;
										}
									}
								}
							}
							Frame RearGarment01_l {
								FrameTransformMatrix {
									0.008838,0.262693,0.964839,0.000000,
									-0.002407,0.964879,-0.262682,0.000000,
									-0.999958,-0.000001,0.009160,0.000000,
									-1.554315,15.130317,1.799134,1.000000;;
								}
								Frame RearGarment02_l {
									FrameTransformMatrix {
										0.999712,0.003251,-0.023780,0.000000,
										-0.003096,0.999974,0.006555,0.000000,
										0.023801,-0.006479,0.999696,0.000000,
										36.183285,0.000000,0.000000,1.000000;;
									}
									Frame RearGarment03_l {
										FrameTransformMatrix {
											0.992357,-0.095799,0.077776,0.000000,
											0.097132,0.995180,-0.013528,0.000000,
											-0.076105,0.020979,0.996879,0.000000,
											40.224743,0.000000,0.000000,1.000000;;
										}
										Frame RearGarment04_l {
											FrameTransformMatrix {
												0.999847,0.015555,0.007965,0.000000,
												-0.015543,0.999878,-0.001513,0.000000,
												-0.007988,0.001389,0.999967,0.000000,
												42.256981,0.000000,0.000000,1.000000;;
											}
										}
									}
								}
							}
							Frame ShoulderPad_l {
								FrameTransformMatrix {
									0.977044,0.000000,0.213040,0.000000,
									0.000000,1.000000,0.000000,0.000000,
									-0.213040,0.000000,0.977044,0.000000,
									20.547165,0.656359,-0.793545,1.000000;;
								}
							}
						}
					}
					Frame clavicle_r {
						FrameTransformMatrix {
							0.132891,-0.446703,0.884758,0.000000,
							-0.261615,-0.876826,-0.403403,0.000000,
							0.955980,-0.177857,-0.233386,0.000000,
							8.485809,-3.456726,-9.015220,1.000000;;
						}
						Frame upperarm_r {
							FrameTransformMatrix {
								0.879714,-0.414277,-0.233404,0.000000,
								0.425893,0.904773,-0.000699,0.000000,
								0.211467,-0.098790,0.972380,0.000000,
								-12.778482,0.000044,-0.000437,1.000000;;
							}
							Frame lowerarm_r {
								FrameTransformMatrix {
									0.999943,0.010708,0.000000,0.000000,
									-0.010708,0.999943,0.000000,0.000000,
									0.000000,0.000000,1.000000,0.000000,
									-35.128563,-1.515309,0.004754,1.000000;;
								}
								Frame hand_r {
									FrameTransformMatrix {
										0.999564,0.004907,0.029123,0.000000,
										-0.029151,0.005782,0.999558,0.000000,
										0.004736,-0.999971,0.005923,0.000000,
										-23.148169,0.587807,0.000246,1.000000;;
									}
									Frame thumb_01_r {
										FrameTransformMatrix {
											0.793973,0.250806,0.553807,0.000000,
											0.564160,0.035519,-0.824901,0.000000,
											-0.226561,0.967386,-0.113294,0.000000,
											-7.761057,-2.573982,-8.277136,1.000000;;
										}
										Frame thumb_02_r {
											FrameTransformMatrix {
												0.967212,0.207091,0.147017,0.000000,
												-0.213037,0.976705,0.025746,0.000000,
												-0.138260,-0.056222,0.988799,0.000000,
												-9.421142,0.593876,0.083643,1.000000;;
											}
											Frame thumb_03_r {
												FrameTransformMatrix {
													0.996908,0.056475,0.054638,0.000000,
													-0.056362,0.998404,-0.003600,0.000000,
													-0.054754,0.000509,0.998500,0.000000,
													-8.910397,0.377178,0.058603,1.000000;;
												}
											}
										}
									}
									Frame index_01_r {
										FrameTransformMatrix {
											0.990884,0.133189,0.020244,0.000000,
											-0.128329,0.978900,-0.159017,0.000000,
											-0.040996,0.154969,0.987068,0.000000,
											-16.470009,1.438024,-6.613760,1.000000;;
										}
										Frame index_02_r {
											FrameTransformMatrix {
												0.992136,0.124928,0.007690,0.000000,
												-0.124908,0.992164,-0.002970,0.000000,
												-0.008001,0.001986,0.999966,0.000000,
												-9.508614,0.643767,-0.623766,1.000000;;
											}
											Frame index_03_r {
												FrameTransformMatrix {
													0.999086,0.000000,0.042746,0.000000,
													0.001634,0.999269,-0.038183,0.000000,
													-0.042715,0.038218,0.998356,0.000000,
													-6.657835,1.017637,-0.346229,1.000000;;
												}
											}
										}
									}
									Frame ring_01_r {
										FrameTransformMatrix {
											0.985220,0.171125,-0.007590,0.000000,
											-0.171085,0.985240,0.005596,0.000000,
											0.008436,-0.004215,0.999956,0.000000,
											-17.496218,2.933113,3.587840,1.000000;;
										}
										Frame ring_02_r {
											FrameTransformMatrix {
												0.991897,0.124099,-0.027199,0.000000,
												-0.124909,0.991702,-0.030417,0.000000,
												0.023199,0.033568,0.999167,0.000000,
												-8.392414,0.606222,0.010262,1.000000;;
											}
											Frame ring_03_r {
												FrameTransformMatrix {
													0.999811,0.000000,0.019435,0.000000,
													0.000000,1.000000,0.000000,0.000000,
													-0.019435,0.000000,0.999811,0.000000,
													-7.046180,1.160231,-0.318541,1.000000;;
												}
											}
										}
									}
								}
							}
						}
						Frame Shoulder_r {
							FrameTransformMatrix {
								0.819207,-0.373515,-0.435185,0.000000,
								0.414860,0.909885,0.000000,0.000000,
								0.395969,-0.180541,0.900341,0.000000,
								-10.304314,-0.218563,8.782545,1.000000;;
							}
							Frame FrontGarment01_r {
								FrameTransformMatrix {
									-0.184592,-0.202258,0.961778,0.000000,
									-0.038123,0.979332,0.198633,0.000000,
									-0.982076,0.000000,-0.188488,0.000000,
									-6.505545,12.660254,-4.464426,1.000000;;
								}
								Frame FrontGarment02_r {
									FrameTransformMatrix {
										0.990443,0.013610,-0.137251,0.000000,
										-0.017355,0.999508,-0.026126,0.000000,
										0.136828,0.028258,0.990192,0.000000,
										-41.093552,-0.000013,0.000059,1.000000;;
									}
									Frame FrontGarment03_r {
										FrameTransformMatrix {
											0.999928,-0.009892,-0.006751,0.000000,
											0.009883,0.999950,-0.001354,0.000000,
											0.006764,0.001287,0.999976,0.000000,
											-41.610119,-0.000034,-0.000061,1.000000;;
										}
									}
								}
							}
							Frame RearGarment01_r {
								FrameTransformMatrix {
									0.008838,0.262693,0.964839,0.000000,
									-0.002407,0.964879,-0.262682,0.000000,
									-0.999958,-0.000001,0.009160,0.000000,
									1.554375,-15.130346,-1.799159,1.000000;;
								}
								Frame RearGarment02_r {
									FrameTransformMatrix {
										0.999712,0.003251,-0.023780,0.000000,
										-0.003096,0.999974,0.006555,0.000000,
										0.023801,-0.006479,0.999696,0.000000,
										-36.182835,-0.000128,0.000127,1.000000;;
									}
									Frame RearGarment03_r {
										FrameTransformMatrix {
											0.992357,-0.095799,0.077776,0.000000,
											0.097132,0.995180,-0.013528,0.000000,
											-0.076105,0.020979,0.996879,0.000000,
											-40.224739,0.000081,0.000045,1.000000;;
										}
										Frame RearGarment04_r {
											FrameTransformMatrix {
												0.999847,0.015555,0.007965,0.000000,
												-0.015543,0.999878,-0.001513,0.000000,
												-0.007988,0.001389,0.999967,0.000000,
												-42.257042,-0.000060,-0.000074,1.000000;;
											}
										}
									}
								}
							}
							Frame ShoulderPad_r {
								FrameTransformMatrix {
									0.977044,0.000000,0.213040,0.000000,
									0.000000,1.000000,0.000000,0.000000,
									-0.213040,0.000000,0.977044,0.000000,
									-20.547213,-0.656356,0.793855,1.000000;;
								}
							}
						}
					}
				}
			}
		}
		Frame thigh_l {
			FrameTransformMatrix {
				0.996108,0.020503,-0.085719,0.000000,
				-0.034745,0.985153,-0.168123,0.000000,
				0.080999,0.170447,0.982032,0.000000,
				-3.230826,0.808217,13.133170,1.000000;;
			}
			Frame calf_l {
				FrameTransformMatrix {
					0.999751,-0.021631,0.005428,0.000000,
					0.021389,0.998919,0.041275,0.000000,
					-0.006315,-0.041149,0.999133,0.000000,
					-27.418129,-0.542472,0.323017,1.000000;;
				}
				Frame foot_l {
					FrameTransformMatrix {
						0.997404,-0.000732,0.071999,0.000000,
						-0.009184,0.990487,0.137297,0.000000,
						-0.071415,-0.137602,0.987910,0.000000,
						-34.662071,3.020201,1.231595,1.000000;;
					}
					Frame ball_l {
						FrameTransformMatrix {
							-0.008342,-0.999839,0.015913,0.000000,
							0.999939,-0.008226,0.007351,0.000000,
							-0.007219,0.015973,0.999846,0.000000,
							-6.847696,-16.243237,0.775744,1.000000;;
						}
					}
				}
			}
		}
		Frame thigh_r {
			FrameTransformMatrix {
				-0.996129,-0.020905,-0.085384,0.000000,
				0.034708,-0.985928,-0.163526,0.000000,
				-0.080764,-0.165857,0.982837,0.000000,
				-3.230861,0.808215,-13.133200,1.000000;;
			}
			Frame calf_r {
				FrameTransformMatrix {
					0.999751,-0.021631,0.005428,0.000000,
					0.021389,0.998919,0.041275,0.000000,
					-0.006315,-0.041149,0.999133,0.000000,
					27.418112,0.542467,-0.322981,1.000000;;
				}
				Frame foot_r {
					FrameTransformMatrix {
						0.997404,-0.000735,0.072000,0.000000,
						-0.009183,0.990484,0.137318,0.000000,
						-0.071416,-0.137623,0.987907,0.000000,
						34.662056,-3.020197,-1.231645,1.000000;;
					}
					Frame ball_r {
						FrameTransformMatrix {
							-0.699859,-0.714103,0.015913,0.000000,
							0.714256,-0.699846,0.007351,0.000000,
							0.005887,0.016511,0.999846,0.000000,
							6.847691,16.243235,-0.775746,1.000000;;
						}
					}
				}
			}
		}
		Frame Weapon {
			FrameTransformMatrix {
				-0.000000,-0.000000,1.000000,0.000000,
				-0.008102,0.999967,0.000000,0.000000,
				-0.999967,-0.008102,-0.000000,0.000000,
				40.600689,2.615943,-93.422562,1.000000;;
			}
		}
	}
}
Frame WizardBody {
	FrameTransformMatrix {
		0.010000,0.000000,0.000000,0.000000,
		0.000000,-0.000000,0.010000,0.000000,
		0.000000,-0.010000,-0.000000,0.000000,
		0.000000,0.000000,0.000000,1.000000;;
	}
	Mesh {
		9456;
		-0.000002;-14.302124;-190.246979;,
		11.885460;-4.945496;-185.564362;,
		7.547734;-15.424683;-183.910614;,
		-0.000002;-5.032654;-197.058929;,
		-0.000002;7.734070;-191.091522;,
		5.231775;5.978210;-189.765289;,
		21.727810;-14.414734;-168.458221;,
		27.881111;0.605957;-159.125763;,
		25.704893;-12.486328;-157.985565;,
		11.144613;17.826965;-174.796356;,
		-0.000002;25.680542;-163.171051;,
		12.940641;21.150635;-162.673126;,
		7.547734;-15.424683;-183.910614;,
		20.025995;-3.685120;-179.068146;,
		16.215321;-15.375793;-177.595764;,
		5.231775;5.978210;-189.765289;,
		-0.000002;15.615112;-186.356628;,
		9.185817;13.408875;-184.123016;,
		25.704893;-12.486328;-157.985565;,
		30.917980;2.779472;-149.295441;,
		28.824194;-10.105537;-148.781464;,
		12.940641;21.150635;-162.673126;,
		-0.000002;27.791740;-150.407623;,
		13.995181;23.234734;-150.963989;,
		11.885460;-4.945496;-185.564362;,
		-0.000002;-5.032654;-197.058929;,
		9.119711;1.493164;-188.000488;,
		20.025995;-3.685120;-179.068146;,
		9.119711;1.493164;-188.000488;,
		15.642683;5.805603;-181.329132;,
		27.881111;0.605957;-159.125763;,
		19.328419;9.492310;-172.454498;,
		22.035843;12.239563;-161.154053;,
		30.917980;2.779472;-149.295441;,
		22.035843;12.239563;-161.154053;,
		24.398226;14.560478;-150.190094;,
		-0.000002;-24.616821;-184.252289;,
		-0.000002;-14.302124;-190.246979;,
		7.547734;-15.424683;-183.910614;,
		-0.000002;-34.572754;-178.893311;,
		7.547734;-15.424683;-183.910614;,
		16.215321;-15.375793;-177.595764;,
		13.862803;-26.713562;-168.273529;,
		25.704893;-12.486328;-157.985565;,
		20.967110;-23.062134;-158.410675;,
		20.967110;-23.062134;-158.410675;,
		28.824194;-10.105537;-148.781464;,
		23.962910;-20.266426;-149.155060;,
		29.009216;-6.360909;-137.970367;,
		34.547173;6.381645;-139.294861;,
		27.735956;6.025871;-138.643097;,
		27.735956;6.025871;-138.643097;,
		27.554926;18.101982;-137.581848;,
		19.871550;12.737297;-136.782043;,
		-0.000002;-32.695068;-175.589752;,
		13.862803;-26.713562;-168.273529;,
		11.636724;-26.731812;-167.139954;,
		11.636724;-26.731812;-167.139954;,
		20.967110;-23.062134;-158.410675;,
		18.385424;-23.586487;-158.130829;,
		18.385424;-23.586487;-158.130829;,
		23.962910;-20.266426;-149.155060;,
		21.565165;-20.739754;-148.814972;,
		24.610456;-16.911812;-140.028839;,
		32.997044;-7.094002;-138.013550;,
		29.009216;-6.360909;-137.970367;,
		-0.000002;-5.032654;-197.058929;,
		5.231775;5.978210;-189.765289;,
		9.119711;1.493164;-188.000488;,
		9.119711;1.493164;-188.000488;,
		9.185817;13.408875;-184.123016;,
		15.642683;5.805603;-181.329132;,
		19.328419;9.492310;-172.454498;,
		12.940641;21.150635;-162.673126;,
		22.035843;12.239563;-161.154053;,
		22.035843;12.239563;-161.154053;,
		13.995181;23.234734;-150.963989;,
		24.398226;14.560478;-150.190094;,
		19.871550;12.737297;-136.782043;,
		15.660437;26.821709;-133.822968;,
		12.801838;18.735832;-133.602997;,
		23.962910;-20.266426;-149.155060;,
		24.610456;-16.911812;-140.028839;,
		21.565165;-20.739754;-148.814972;,
		28.824194;-10.105537;-148.781464;,
		26.579697;-16.508614;-141.018280;,
		23.962910;-20.266426;-149.155060;,
		30.917980;2.779472;-149.295441;,
		32.997044;-7.094002;-138.013550;,
		28.824194;-10.105537;-148.781464;,
		34.547173;6.381645;-139.294861;,
		24.398226;14.560478;-150.190094;,
		27.554926;18.101982;-137.581848;,
		13.995181;23.234734;-150.963989;,
		27.554926;18.101982;-137.581848;,
		24.398226;14.560478;-150.190094;,
		-0.000002;27.791740;-150.407623;,
		15.660437;26.821709;-133.822968;,
		13.995181;23.234734;-150.963989;,
		-0.000002;-34.572754;-178.893311;,
		21.727810;-14.414734;-168.458221;,
		13.862803;-26.713562;-168.273529;,
		20.025995;-3.685120;-179.068146;,
		21.727810;-14.414734;-168.458221;,
		16.215321;-15.375793;-177.595764;,
		25.247072;-1.704773;-169.984283;,
		15.642683;5.805603;-181.329132;,
		19.328419;9.492310;-172.454498;,
		9.185817;13.408875;-184.123016;,
		19.328419;9.492310;-172.454498;,
		15.642683;5.805603;-181.329132;,
		-0.000002;15.615112;-186.356628;,
		11.144613;17.826965;-174.796356;,
		9.185817;13.408875;-184.123016;,
		-0.000002;-14.302124;-190.246979;,
		-11.885463;-4.945496;-185.564362;,
		-0.000002;-5.032654;-197.058929;,
		-0.000002;-5.032654;-197.058929;,
		-5.231779;5.978210;-189.765289;,
		-0.000002;7.734070;-191.091522;,
		-21.727814;-14.414734;-168.458221;,
		-27.881115;0.605957;-159.125763;,
		-25.247076;-1.704773;-169.984283;,
		-11.144616;17.826965;-174.796356;,
		-0.000002;25.680542;-163.171051;,
		-0.000002;22.059814;-176.854156;,
		-7.547738;-15.424683;-183.910614;,
		-20.025999;-3.685120;-179.068146;,
		-11.885463;-4.945496;-185.564362;,
		-5.231779;5.978210;-189.765289;,
		-0.000002;15.615112;-186.356628;,
		-0.000002;7.734070;-191.091522;,
		-25.704897;-12.486328;-157.985565;,
		-30.917984;2.779472;-149.295441;,
		-27.881115;0.605957;-159.125763;,
		-12.940644;21.150635;-162.673126;,
		-0.000002;27.791740;-150.407623;,
		-0.000002;25.680542;-163.171051;,
		-11.885463;-4.945496;-185.564362;,
		-9.119715;1.493164;-188.000488;,
		-0.000002;-5.032654;-197.058929;,
		-20.025999;-3.685120;-179.068146;,
		-9.119715;1.493164;-188.000488;,
		-11.885463;-4.945496;-185.564362;,
		-27.881115;0.605957;-159.125763;,
		-19.328421;9.492310;-172.454498;,
		-25.247076;-1.704773;-169.984283;,
		-30.917984;2.779472;-149.295441;,
		-22.035847;12.239563;-161.154053;,
		-27.881115;0.605957;-159.125763;,
		-0.000002;-24.616821;-184.252289;,
		-7.547738;-15.424683;-183.910614;,
		-0.000002;-14.302124;-190.246979;,
		-0.000002;-34.572754;-178.893311;,
		-7.547738;-15.424683;-183.910614;,
		-0.000002;-24.616821;-184.252289;,
		-13.862807;-26.713562;-168.273529;,
		-25.704897;-12.486328;-157.985565;,
		-21.727814;-14.414734;-168.458221;,
		-20.967113;-23.062134;-158.410675;,
		-28.824198;-10.105537;-148.781464;,
		-25.704897;-12.486328;-157.985565;,
		-29.009220;-6.360909;-137.970367;,
		-34.547176;6.381645;-139.294861;,
		-32.997047;-7.094002;-138.013550;,
		-27.735960;6.025871;-138.643097;,
		-27.554930;18.101982;-137.581848;,
		-34.547176;6.381645;-139.294861;,
		-0.000002;-32.695068;-175.589752;,
		-13.862807;-26.713562;-168.273529;,
		-0.000002;-34.572754;-178.893311;,
		-11.636728;-26.731812;-167.139954;,
		-20.967113;-23.062134;-158.410675;,
		-13.862807;-26.713562;-168.273529;,
		-18.385426;-23.586487;-158.130829;,
		-23.962914;-20.266426;-149.155060;,
		-20.967113;-23.062134;-158.410675;,
		-24.610460;-16.911812;-140.028839;,
		-32.997047;-7.094002;-138.013550;,
		-26.579700;-16.508614;-141.018280;,
		-0.000002;-5.032654;-197.058929;,
		-9.119715;1.493164;-188.000488;,
		-5.231779;5.978210;-189.765289;,
		-9.119715;1.493164;-188.000488;,
		-9.185820;13.408875;-184.123016;,
		-5.231779;5.978210;-189.765289;,
		-19.328421;9.492310;-172.454498;,
		-12.940644;21.150635;-162.673126;,
		-11.144616;17.826965;-174.796356;,
		-22.035847;12.239563;-161.154053;,
		-13.995184;23.234734;-150.963989;,
		-12.940644;21.150635;-162.673126;,
		-19.871553;12.737297;-136.782043;,
		-15.660440;26.821709;-133.822968;,
		-27.554930;18.101982;-137.581848;,
		-23.962914;-20.266426;-149.155060;,
		-24.610460;-16.911812;-140.028839;,
		-26.579700;-16.508614;-141.018280;,
		-28.824198;-10.105537;-148.781464;,
		-26.579700;-16.508614;-141.018280;,
		-32.997047;-7.094002;-138.013550;,
		-30.917984;2.779472;-149.295441;,
		-32.997047;-7.094002;-138.013550;,
		-34.547176;6.381645;-139.294861;,
		-34.547176;6.381645;-139.294861;,
		-24.398230;14.560478;-150.190094;,
		-30.917984;2.779472;-149.295441;,
		-13.995184;23.234734;-150.963989;,
		-27.554930;18.101982;-137.581848;,
		-15.660440;26.821709;-133.822968;,
		-0.000002;27.791740;-150.407623;,
		-15.660440;26.821709;-133.822968;,
		-0.000002;31.546013;-131.899628;,
		-0.000002;-34.572754;-178.893311;,
		-21.727814;-14.414734;-168.458221;,
		-16.215324;-15.375793;-177.595764;,
		-20.025999;-3.685120;-179.068146;,
		-21.727814;-14.414734;-168.458221;,
		-25.247076;-1.704773;-169.984283;,
		-25.247076;-1.704773;-169.984283;,
		-15.642687;5.805603;-181.329132;,
		-20.025999;-3.685120;-179.068146;,
		-9.185820;13.408875;-184.123016;,
		-19.328421;9.492310;-172.454498;,
		-11.144616;17.826965;-174.796356;,
		-0.000002;15.615112;-186.356628;,
		-11.144616;17.826965;-174.796356;,
		-0.000002;22.059814;-176.854156;,
		11.636724;-26.731812;-167.139954;,
		-0.000002;-21.036743;-175.169098;,
		-0.000002;-32.695068;-175.589752;,
		18.385424;-23.586487;-158.130829;,
		11.123528;-15.565430;-166.634491;,
		11.636724;-26.731812;-167.139954;,
		21.565165;-20.739754;-148.814972;,
		16.868673;-12.679626;-157.586700;,
		18.385424;-23.586487;-158.130829;,
		24.610456;-16.911812;-140.028839;,
		19.786095;-10.067757;-149.039398;,
		21.565165;-20.739754;-148.814972;,
		-0.000002;-32.695068;-175.589752;,
		-11.123531;-15.565430;-166.634491;,
		-11.636728;-26.731812;-167.139954;,
		-11.636728;-26.731812;-167.139954;,
		-16.868675;-12.679626;-157.586700;,
		-18.385426;-23.586487;-158.130829;,
		-18.385426;-23.586487;-158.130829;,
		-19.786098;-10.067757;-149.039398;,
		-21.565168;-20.739754;-148.814972;,
		-21.565168;-20.739754;-148.814972;,
		-22.580160;-6.555611;-140.978088;,
		-24.610460;-16.911812;-140.028839;,
		15.660437;26.821709;-133.822968;,
		-0.000002;20.281120;-131.922852;,
		12.801838;18.735832;-133.602997;,
		-0.000002;31.546013;-131.899628;,
		-12.801841;18.735832;-133.602997;,
		-0.000002;20.281120;-131.922852;,
		-0.004029;-22.682495;-176.133759;,
		-1.233433;-11.146179;-183.173035;,
		10.011571;-11.040100;-179.976746;,
		16.544365;-9.828552;-174.582047;,
		9.100468;-21.061157;-173.873932;,
		10.011571;-11.040100;-179.976746;,
		3.814898;-26.897339;-165.622009;,
		4.823484;-24.205078;-174.935516;,
		9.100468;-21.061157;-173.873932;,
		-9.108513;-21.061157;-173.873932;,
		-10.019617;-11.040100;-180.932953;,
		-1.233433;-11.146179;-183.173035;,
		-17.716288;-9.828552;-174.551910;,
		-9.108513;-21.061157;-173.873932;,
		-15.392594;-19.418823;-167.570877;,
		-9.108513;-21.061157;-173.873932;,
		-10.940415;-24.418030;-166.943176;,
		-15.392594;-19.418823;-167.570877;,
		-6.886144;-26.726746;-166.357193;,
		-9.108513;-21.061157;-173.873932;,
		-4.768406;-24.213379;-174.951202;,
		9.778901;-11.563843;-161.293823;,
		15.353621;-16.687378;-159.455917;,
		14.072092;-14.460205;-159.295105;,
		9.168081;-22.539612;-160.482758;,
		10.691556;-16.497681;-159.601074;,
		9.778901;-11.563843;-161.293823;,
		-0.004023;-15.935852;-162.403809;,
		0.256093;-24.311890;-159.560425;,
		-0.531647;-25.734375;-151.609589;,
		3.417341;-15.424500;-162.375580;,
		-0.531647;-25.734375;-151.609589;,
		9.168081;-22.539612;-160.482758;,
		-16.206421;-16.993774;-157.050232;,
		-15.448457;-19.420593;-147.799133;,
		-11.256722;-15.526550;-157.340332;,
		-3.425387;-15.424500;-162.375580;,
		-8.875456;-23.726685;-150.390167;,
		0.256093;-24.311890;-159.560425;,
		-7.087525;-14.111328;-161.964249;,
		-8.706736;-22.539551;-159.646790;,
		-8.875456;-23.726685;-150.390167;,
		16.544365;-9.828552;-174.582047;,
		17.596827;-14.004761;-159.868362;,
		15.384556;-19.418762;-167.570862;,
		9.168081;-22.539612;-160.482758;,
		9.810564;-24.458496;-165.133759;,
		15.384556;-19.418762;-167.570862;,
		-0.531647;-25.734375;-151.609589;,
		3.814898;-26.897339;-165.622009;,
		9.810564;-24.458496;-165.133759;,
		-15.448457;-19.420593;-147.799133;,
		-14.764540;-20.009705;-157.922806;,
		-13.484071;-24.347839;-157.887253;,
		-8.875456;-23.726685;-150.390167;,
		-1.206362;-29.199585;-165.966980;,
		3.814898;-26.897339;-165.622009;,
		-8.706736;-22.539551;-159.646790;,
		-6.886144;-26.726746;-166.357193;,
		-8.875456;-23.726685;-150.390167;,
		19.659298;-7.801514;-164.201645;,
		19.811678;-9.866089;-159.533737;,
		17.596827;-14.004761;-159.868362;,
		-17.716288;-9.828552;-174.551910;,
		-18.016886;-14.004761;-159.868362;,
		-20.945084;-7.801575;-164.201660;,
		-3.425387;-15.424500;-162.375580;,
		0.256093;-24.311890;-159.560425;,
		-0.004023;-15.935852;-162.403809;,
		-0.004023;-15.935852;-162.403809;,
		-0.531647;-25.734375;-151.609589;,
		3.417341;-15.424500;-162.375580;,
		-7.087525;-14.111328;-161.964249;,
		-8.875456;-23.726685;-150.390167;,
		-3.425387;-15.424500;-162.375580;,
		-11.256722;-15.526550;-157.340332;,
		-15.448457;-19.420593;-147.799133;,
		-10.260286;-20.289673;-156.516006;,
		0.256093;-24.311890;-159.560425;,
		3.814898;-26.897339;-165.622009;,
		-0.531647;-25.734375;-151.609589;,
		7.079479;-14.111328;-161.964249;,
		9.168081;-22.539612;-160.482758;,
		9.778901;-11.563843;-161.293823;,
		14.167661;-21.403198;-162.155380;,
		17.596827;-14.004761;-159.868362;,
		15.353621;-16.687378;-159.455917;,
		-14.764540;-20.009705;-157.922806;,
		-15.448457;-19.420593;-147.799133;,
		-16.206421;-16.993774;-157.050232;,
		9.168081;-22.539612;-160.482758;,
		15.384556;-19.418762;-167.570862;,
		14.167661;-21.403198;-162.155380;,
		-21.117283;-9.835510;-159.590515;,
		-21.506775;-5.542786;-159.304413;,
		-20.945084;-7.801575;-164.201660;,
		3.417341;-15.424500;-162.375580;,
		9.168081;-22.539612;-160.482758;,
		7.079479;-14.111328;-161.964249;,
		-8.875456;-23.726685;-150.390167;,
		3.814898;-26.897339;-165.622009;,
		0.256093;-24.311890;-159.560425;,
		9.100468;-21.061157;-173.873932;,
		9.810564;-24.458496;-165.133759;,
		3.814898;-26.897339;-165.622009;,
		9.168081;-22.539612;-160.482758;,
		-0.531647;-25.734375;-151.609589;,
		9.810564;-24.458496;-165.133759;,
		7.749148;-21.828918;-154.499283;,
		14.167661;-21.403198;-162.155380;,
		15.353621;-16.687378;-159.455917;,
		10.691556;-16.497681;-159.601074;,
		7.749148;-21.828918;-154.499283;,
		15.353621;-16.687378;-159.455917;,
		9.168081;-22.539612;-160.482758;,
		7.749148;-21.828918;-154.499283;,
		10.691556;-16.497681;-159.601074;,
		14.167661;-21.403198;-162.155380;,
		7.749148;-21.828918;-154.499283;,
		9.168081;-22.539612;-160.482758;,
		13.213006;-20.187256;-170.289413;,
		15.384556;-19.418762;-167.570862;,
		9.810564;-24.458496;-165.133759;,
		16.544365;-9.828552;-174.582047;,
		15.384556;-19.418762;-167.570862;,
		13.213006;-20.187256;-170.289413;,
		19.659298;-7.801514;-164.201645;,
		20.336418;-5.542786;-159.304413;,
		19.811678;-9.866089;-159.533737;,
		-10.260286;-20.289673;-156.516006;,
		-15.448457;-19.420593;-147.799133;,
		-11.491916;-24.021729;-157.848999;,
		-10.061263;-11.926758;-161.293823;,
		-10.260286;-20.289673;-156.516006;,
		-7.087525;-14.111328;-161.964249;,
		-10.260286;-20.289673;-156.516006;,
		-8.706736;-22.539551;-159.646790;,
		-7.087525;-14.111328;-161.964249;,
		-8.706736;-22.539551;-159.646790;,
		-11.491916;-24.021729;-157.848999;,
		-6.886144;-26.726746;-166.357193;,
		-14.764540;-20.009705;-157.922806;,
		-10.940415;-24.418030;-166.943176;,
		-13.484071;-24.347839;-157.887253;,
		-18.016886;-14.004761;-159.868362;,
		-14.764540;-20.009705;-157.922806;,
		-16.206421;-16.993774;-157.050232;,
		-18.016886;-14.004761;-159.868362;,
		-16.206421;-16.993774;-157.050232;,
		-14.979164;-14.969604;-157.495499;,
		-18.016886;-14.004761;-159.868362;,
		-21.117283;-9.835510;-159.590515;,
		-20.945084;-7.801575;-164.201660;,
		15.353621;-16.687378;-159.455917;,
		17.596827;-14.004761;-159.868362;,
		14.072092;-14.460205;-159.295105;,
		-16.206421;-16.993774;-157.050232;,
		-10.061263;-11.926758;-161.293823;,
		-14.979164;-14.969604;-157.495499;,
		9.100468;-21.061157;-173.873932;,
		4.823484;-24.205078;-174.935516;,
		10.011571;-11.040100;-179.976746;,
		4.823484;-24.205078;-174.935516;,
		-0.004029;-22.682495;-176.133759;,
		10.011571;-11.040100;-179.976746;,
		4.823484;-24.205078;-174.935516;,
		-6.886144;-26.726746;-166.357193;,
		-0.004029;-22.682495;-176.133759;,
		-8.875456;-23.726685;-150.390167;,
		-6.886144;-26.726746;-166.357193;,
		-1.206362;-29.199585;-165.966980;,
		-15.448457;-19.420593;-147.799133;,
		-13.484071;-24.347839;-157.887253;,
		-11.491916;-24.021729;-157.848999;,
		-10.940415;-24.418030;-166.943176;,
		-11.491916;-24.021729;-157.848999;,
		-13.484071;-24.347839;-157.887253;,
		-9.108513;-21.061157;-173.873932;,
		-6.886144;-26.726746;-166.357193;,
		-10.940415;-24.418030;-166.943176;,
		-0.004029;-22.682495;-176.133759;,
		-6.886144;-26.726746;-166.357193;,
		-4.768406;-24.213379;-174.951202;,
		-1.233433;-11.146179;-183.173035;,
		-0.004029;-22.682495;-176.133759;,
		-4.768406;-24.213379;-174.951202;,
		-9.108513;-21.061157;-173.873932;,
		-1.233433;-11.146179;-183.173035;,
		-4.768406;-24.213379;-174.951202;,
		-23.894932;-35.970215;-127.568802;,
		-23.873232;-28.768616;-130.312469;,
		-24.240118;-29.318848;-131.394897;,
		-23.169207;-22.934570;-137.282196;,
		-24.032665;-30.323914;-134.345566;,
		-25.106417;-29.902405;-134.030212;,
		-17.995050;-27.915894;-132.206192;,
		-18.370028;-21.752197;-133.381271;,
		-18.289803;-27.170959;-131.003830;,
		-23.787830;-21.888123;-135.661194;,
		-25.106417;-29.902405;-134.030212;,
		-25.635696;-29.291687;-133.103119;,
		-23.445797;-29.961853;-131.764328;,
		-23.894932;-35.970215;-127.568802;,
		-24.240118;-29.318848;-131.394897;,
		-18.265926;-28.582153;-133.459244;,
		-17.786137;-24.261169;-134.136505;,
		-17.995050;-27.915894;-132.206192;,
		-21.466291;-30.305908;-132.195724;,
		-21.258677;-23.461914;-137.567551;,
		-19.357023;-23.464783;-136.940384;,
		-21.542263;-29.970154;-131.005890;,
		-23.894932;-35.970215;-127.568802;,
		-21.466291;-30.305908;-132.195724;,
		-21.486685;-29.100586;-130.098495;,
		-23.894932;-35.970215;-127.568802;,
		-21.542263;-29.970154;-131.005890;,
		-19.389599;-21.539429;-133.590363;,
		-22.682737;-28.770447;-129.919861;,
		-21.486685;-29.100586;-130.098495;,
		-13.889673;-3.309937;-155.175140;,
		-18.964977;-4.404968;-146.722839;,
		-13.527088;-5.292725;-146.545837;,
		-22.409174;-4.705078;-146.828949;,
		-18.008879;-2.295105;-155.411026;,
		-20.582647;-0.075439;-158.786057;,
		-21.506775;-5.542786;-159.304413;,
		-22.409174;-4.705078;-146.828949;,
		-20.582647;-0.075439;-158.786057;,
		-21.117283;-9.835510;-159.590515;,
		-23.126669;-11.888977;-149.404877;,
		-21.506775;-5.542786;-159.304413;,
		-18.016886;-14.004761;-159.868362;,
		-21.985603;-13.859253;-150.181244;,
		-21.117283;-9.835510;-159.590515;,
		-15.261406;-13.733948;-148.925308;,
		-18.016886;-14.004761;-159.868362;,
		-14.979164;-14.969604;-157.495499;,
		-13.474880;-10.914062;-147.844330;,
		-14.979164;-14.969604;-157.495499;,
		-12.381006;-7.184692;-156.268097;,
		-13.527088;-5.292725;-146.545837;,
		-12.381006;-7.184692;-156.268097;,
		-13.889673;-3.309937;-155.175140;,
		-13.527088;-5.292725;-146.545837;,
		-19.915966;-12.553711;-137.830643;,
		-17.433857;-13.294983;-138.070190;,
		-23.311335;-9.571228;-140.218674;,
		-19.937214;-3.817017;-146.118347;,
		-22.409174;-4.705078;-146.828949;,
		-22.409174;-4.705078;-146.828949;,
		-24.324930;-13.034790;-141.825760;,
		-23.311335;-9.571228;-140.218674;,
		-23.126669;-11.888977;-149.404877;,
		-23.219601;-16.294678;-145.424576;,
		-24.317060;-14.526123;-144.282379;,
		-21.985603;-13.859253;-150.181244;,
		-21.807796;-17.159851;-145.821304;,
		-23.219601;-16.294678;-145.424576;,
		-16.866306;-19.121826;-142.683395;,
		-18.672653;-14.779602;-149.888382;,
		-15.261406;-13.733948;-148.925308;,
		-14.428782;-15.367371;-139.569351;,
		-15.261406;-13.733948;-148.925308;,
		-13.474880;-10.914062;-147.844330;,
		-14.233673;-13.704407;-137.802109;,
		-13.474880;-10.914062;-147.844330;,
		-13.527088;-5.292725;-146.545837;,
		-17.433857;-13.294983;-138.070190;,
		-21.300127;-21.012085;-133.305008;,
		-19.389599;-21.539429;-133.590363;,
		-24.125191;-21.333740;-132.405243;,
		-19.915966;-12.553711;-137.830643;,
		-22.085030;-14.310730;-137.954254;,
		-22.085030;-14.310730;-137.954254;,
		-24.820864;-22.208496;-134.192322;,
		-24.125191;-21.333740;-132.405243;,
		-23.233921;-15.382507;-141.459335;,
		-23.169207;-22.934570;-137.282196;,
		-23.787830;-21.888123;-135.661194;,
		-22.072004;-16.887451;-142.111801;,
		-21.258677;-23.461914;-137.567551;,
		-23.169207;-22.934570;-137.282196;,
		-18.226002;-22.756042;-139.443558;,
		-19.330950;-19.494141;-143.428116;,
		-16.866306;-19.121826;-142.683395;,
		-14.201233;-20.570435;-135.961502;,
		-15.135351;-17.948303;-141.756470;,
		-14.428782;-15.367371;-139.569351;,
		-14.686806;-19.469910;-134.283783;,
		-14.428782;-15.367371;-139.569351;,
		-14.233673;-13.704407;-137.802109;,
		-22.656788;-30.304077;-132.588333;,
		-23.894932;-35.970215;-127.568802;,
		-23.445797;-29.961853;-131.764328;,
		-21.466291;-30.305908;-132.195724;,
		-23.894932;-35.970215;-127.568802;,
		-22.656788;-30.304077;-132.588333;,
		-21.486685;-29.100586;-130.098495;,
		-22.682737;-28.770447;-129.919861;,
		-23.894932;-35.970215;-127.568802;,
		-23.894932;-35.970215;-127.568802;,
		-22.682737;-28.770447;-129.919861;,
		-23.873232;-28.768616;-130.312469;,
		-21.258677;-23.461914;-137.567551;,
		-22.656788;-30.304077;-132.588333;,
		-24.032665;-30.323914;-134.345566;,
		-24.240118;-29.318848;-131.394897;,
		-23.787830;-21.888123;-135.661194;,
		-25.635696;-29.291687;-133.103119;,
		-22.656788;-30.304077;-132.588333;,
		-25.421402;-32.274780;-131.468536;,
		-25.070530;-32.656555;-132.048721;,
		-25.106417;-29.902405;-134.030212;,
		-25.452772;-32.484863;-132.800812;,
		-26.003481;-31.953003;-132.633499;,
		-24.032665;-30.323914;-134.345566;,
		-25.070530;-32.656555;-132.048721;,
		-25.452772;-32.484863;-132.800812;,
		-23.445797;-29.961853;-131.764328;,
		-25.996052;-31.615295;-131.462906;,
		-25.421402;-32.274780;-131.468536;,
		-24.240118;-29.318848;-131.394897;,
		-26.383392;-31.423767;-132.198227;,
		-25.996052;-31.615295;-131.462906;,
		-25.635696;-29.291687;-133.103119;,
		-26.003481;-31.953003;-132.633499;,
		-26.383392;-31.423767;-132.198227;,
		-25.070530;-32.656555;-132.048721;,
		-25.421402;-32.274780;-131.468536;,
		-27.339018;-34.047058;-131.138565;,
		-26.003481;-31.953003;-132.633499;,
		-25.452772;-32.484863;-132.800812;,
		-27.339018;-34.047058;-131.138565;,
		-25.452772;-32.484863;-132.800812;,
		-25.070530;-32.656555;-132.048721;,
