xof 0303txt 0032
Frame root {
	FrameTransformMatrix {
		0.010000,0.000000,0.000000,0.000000,
		0.000000,-0.000000,0.010000,0.000000,
		0.000000,-0.010000,-0.000000,0.000000,
		0.000000,0.000000,0.000000,1.000000;;
	}
	Frame pelvis {
		FrameTransformMatrix {
			0.144893,0.525547,-0.838335,0.000000,
			0.327659,0.773985,0.541837,0.000000,
			0.933620,-0.353197,-0.060055,0.000000,
			0.000000,-13.124845,-65.583664,1.000000;;
		}
		Frame spine_01 {
			FrameTransformMatrix {
				0.997592,0.013096,-0.068103,0.000000,
				0.000565,0.980442,0.196808,0.000000,
				0.069348,-0.196373,0.978074,0.000000,
				11.897056,-2.768344,-0.000000,1.000000;;
			}
			Frame spine_02 {
				FrameTransformMatrix {
					0.942707,0.307576,-0.129232,0.000000,
					-0.325368,0.933236,-0.152334,0.000000,
					0.073750,0.185654,0.979844,0.000000,
					14.500739,1.261342,-0.000000,1.000000;;
				}
				Frame spine_03 {
					FrameTransformMatrix {
						0.996790,0.080065,-0.000000,0.000000,
						-0.080065,0.996790,-0.000000,0.000000,
						0.000000,0.000000,1.000000,0.000000,
						12.496109,0.321524,-0.000000,1.000000;;
					}
					Frame neck_01 {
						FrameTransformMatrix {
							0.879713,-0.411723,0.237886,0.000000,
							0.473804,0.801268,-0.365349,0.000000,
							-0.040188,0.434113,0.899961,0.000000,
							21.878693,0.005165,-0.000000,1.000000;;
						}
						Frame head {
							FrameTransformMatrix {
								0.981679,0.190542,-0.000000,0.000000,
								-0.190542,0.981679,0.000000,0.000000,
								0.000000,0.000000,1.000000,0.000000,
								25.710386,0.140607,-0.000000,1.000000;;
							}
							Frame Hair01_l {
								FrameTransformMatrix {
									-0.946716,-0.318651,-0.046790,0.000000,
									-0.317707,0.947816,-0.026594,0.000000,
									0.052822,-0.010311,-0.998551,0.000000,
									-2.802900,-2.445666,17.216135,1.000000;;
								}
								Frame Hair02_l {
									FrameTransformMatrix {
										0.809722,-0.557069,0.184458,0.000000,
										0.558806,0.827942,0.047404,0.000000,
										-0.179128,0.064692,0.981696,0.000000,
										17.107462,0.000000,0.000000,1.000000;;
									}
									Frame Hair03_l {
										FrameTransformMatrix {
											-0.000485,0.184884,-0.982760,0.000000,
											-0.793430,0.598098,0.112910,0.000000,
											0.608662,0.779806,0.146402,0.000000,
											17.868711,0.000000,-0.000000,1.000000;;
										}
									}
								}
							}
							Frame Hair01_r {
								FrameTransformMatrix {
									0.932038,0.362179,0.011425,0.000000,
									0.362126,-0.932106,0.006494,0.000000,
									0.013001,-0.001915,-0.999914,0.000000,
									-2.802879,-2.445665,-17.216101,1.000000;;
								}
								Frame Hair02_r {
									FrameTransformMatrix {
										0.832717,-0.518493,-0.194287,0.000000,
										0.505899,0.855074,-0.113639,0.000000,
										0.225050,-0.003661,0.974340,0.000000,
										-17.107590,-0.000088,0.000030,1.000000;;
									}
									Frame Hair03_r {
										FrameTransformMatrix {
											-0.000485,0.184884,-0.982760,0.000000,
											-0.793430,0.598098,0.112910,0.000000,
											0.608662,0.779806,0.146402,0.000000,
											-17.868824,-0.000087,-0.000017,1.000000;;
										}
									}
								}
							}
						}
					}
					Frame clavicle_l {
						FrameTransformMatrix {
							-0.132891,0.446703,0.884758,0.000000,
							0.261614,0.876826,-0.403403,0.000000,
							-0.955980,0.177857,-0.233386,0.000000,
							8.485651,-3.456696,9.015220,1.000000;;
						}
						Frame upperarm_l {
							FrameTransformMatrix {
								0.899846,-0.233112,0.368694,0.000000,
								0.221362,0.972341,0.074513,0.000000,
								-0.375866,0.014564,0.926559,0.000000,
								12.778380,-0.000000,-0.000000,1.000000;;
							}
							Frame lowerarm_l {
								FrameTransformMatrix {
									0.096911,-0.995293,0.000062,0.000000,
									0.995293,0.096911,-0.000002,0.000000,
									-0.000004,0.000062,1.000000,0.000000,
									35.128559,1.515315,-0.004476,1.000000;;
								}
								Frame hand_l {
									FrameTransformMatrix {
										0.952527,-0.302263,-0.036453,0.000000,
										-0.099974,-0.423627,0.900303,0.000000,
										-0.287571,-0.853919,-0.433735,0.000000,
										23.148167,-0.587805,0.000000,1.000000;;
									}
									Frame thumb_01_l {
										FrameTransformMatrix {
											-0.123962,0.401148,0.907587,0.000000,
											0.882438,0.462859,-0.084054,0.000000,
											-0.453803,0.790470,-0.411365,0.000000,
											7.761036,2.573662,8.277136,1.000000;;
										}
										Frame thumb_02_l {
											FrameTransformMatrix {
												0.057497,0.990179,0.127436,0.000000,
												-0.973291,0.084013,-0.213649,0.000000,
												-0.222257,-0.111748,0.968563,0.000000,
												9.421203,-0.593851,-0.083314,1.000000;;
											}
											Frame thumb_03_l {
												FrameTransformMatrix {
													0.996908,0.056475,0.054638,0.000000,
													-0.056363,0.998404,-0.003600,0.000000,
													-0.054754,0.000509,0.998500,0.000000,
													8.910820,-0.377085,-0.058631,1.000000;;
												}
											}
										}
									}
									Frame index_01_l {
										FrameTransformMatrix {
											0.212304,0.976994,0.020244,0.000000,
											-0.964071,0.212791,-0.159017,0.000000,
											-0.159666,0.014243,0.987068,0.000000,
											16.470049,-1.438421,6.613763,1.000000;;
										}
										Frame index_02_l {
											FrameTransformMatrix {
												-0.197155,0.980342,0.007690,0.000000,
												-0.980371,-0.197137,-0.002970,0.000000,
												-0.001396,-0.008124,0.999966,0.000000,
												9.508547,-0.644083,0.623717,1.000000;;
											}
											Frame index_03_l {
												FrameTransformMatrix {
													0.999086,0.000000,0.042746,0.000000,
													0.001634,0.999269,-0.038183,0.000000,
													-0.042715,0.038218,0.998356,0.000000,
													6.657951,-1.016678,0.346394,1.000000;;
												}
											}
										}
									}
									Frame ring_01_l {
										FrameTransformMatrix {
											0.227939,0.973646,-0.007590,0.000000,
											-0.973649,0.227983,0.005596,0.000000,
											0.007179,0.006114,0.999956,0.000000,
											17.496222,-2.933048,-3.587839,1.000000;;
										}
										Frame ring_02_l {
											FrameTransformMatrix {
												-0.042512,0.998726,-0.027199,0.000000,
												-0.998597,-0.043335,-0.030417,0.000000,
												-0.031557,0.025868,0.999167,0.000000,
												8.391934,-0.606711,-0.010261,1.000000;;
											}
											Frame ring_03_l {
												FrameTransformMatrix {
													0.999811,0.000000,0.019435,0.000000,
													0.000000,1.000000,0.000000,0.000000,
													-0.019435,0.000000,0.999811,0.000000,
													7.046853,-1.159921,0.318573,1.000000;;
												}
											}
										}
									}
								}
							}
						}
						Frame Shoulder_l {
							FrameTransformMatrix {
								0.819207,-0.373515,-0.435185,0.000000,
								0.414860,0.909885,0.000000,0.000000,
								0.395968,-0.180541,0.900341,0.000000,
								10.304173,0.218627,-8.783108,1.000000;;
							}
							Frame FrontGarment01_l {
								FrameTransformMatrix {
									-0.385259,-0.080910,0.919255,0.000000,
									0.253812,0.948439,0.189851,0.000000,
									-0.887217,0.306460,-0.344859,0.000000,
									6.505432,-12.660301,4.465258,1.000000;;
								}
								Frame FrontGarment02_l {
									FrameTransformMatrix {
										0.995318,-0.093429,0.024764,0.000000,
										0.094124,0.995150,-0.028589,0.000000,
										-0.021972,0.030786,0.999284,0.000000,
										41.093178,0.000000,0.000000,1.000000;;
									}
									Frame FrontGarment03_l {
										FrameTransformMatrix {
											0.999928,-0.009892,-0.006751,0.000000,
											0.009883,0.999950,-0.001354,0.000000,
											0.006764,0.001288,0.999976,0.000000,
											41.610046,-0.000000,0.000000,1.000000;;
										}
									}
								}
							}
							Frame RearGarment01_l {
								FrameTransformMatrix {
									0.074214,0.300366,0.950933,0.000000,
									-0.340702,0.903823,-0.258896,0.000000,
									-0.937238,-0.304771,0.169411,0.000000,
									-1.554315,15.130317,1.799134,1.000000;;
								}
								Frame RearGarment02_l {
									FrameTransformMatrix {
										0.933772,0.307062,-0.183802,0.000000,
										-0.311138,0.950339,0.006967,0.000000,
										0.176814,0.050683,0.982938,0.000000,
										36.183285,-0.000000,0.000000,1.000000;;
									}
									Frame RearGarment03_l {
										FrameTransformMatrix {
											0.972987,0.215659,-0.082382,0.000000,
											-0.218638,0.975377,-0.028931,0.000000,
											0.074114,0.046161,0.996181,0.000000,
											40.224743,0.000000,-0.000000,1.000000;;
										}
										Frame RearGarment04_l {
											FrameTransformMatrix {
												0.999847,0.015555,0.007965,0.000000,
												-0.015543,0.999878,-0.001513,0.000000,
												-0.007988,0.001389,0.999967,0.000000,
												42.256981,0.000000,0.000000,1.000000;;
											}
										}
									}
								}
							}
							Frame ShoulderPad_l {
								FrameTransformMatrix {
									0.977044,0.000000,0.213040,0.000000,
									0.000000,1.000000,0.000000,0.000000,
									-0.213040,0.000000,0.977044,0.000000,
									20.547165,0.656359,-0.793545,1.000000;;
								}
							}
						}
					}
					Frame clavicle_r {
						FrameTransformMatrix {
							0.132891,-0.446703,0.884758,0.000000,
							-0.261615,-0.876826,-0.403403,0.000000,
							0.955980,-0.177857,-0.233386,0.000000,
							8.485809,-3.456726,-9.015220,1.000000;;
						}
						Frame upperarm_r {
							FrameTransformMatrix {
								0.791727,-0.463004,0.398492,0.000000,
								0.527190,0.847423,-0.062812,0.000000,
								-0.308609,0.259811,0.915018,0.000000,
								-12.778482,0.000044,-0.000437,1.000000;;
							}
							Frame lowerarm_r {
								FrameTransformMatrix {
									0.849550,-0.527508,0.000027,0.000000,
									0.527508,0.849550,-0.000007,0.000000,
									-0.000019,0.000020,1.000000,0.000000,
									-35.128563,-1.515309,0.004754,1.000000;;
								}
								Frame hand_r {
									FrameTransformMatrix {
										0.494984,0.032011,-0.868312,0.000000,
										0.862465,-0.139511,0.486508,0.000000,
										-0.105566,-0.989703,-0.096664,0.000000,
										-23.148169,0.587807,0.000246,1.000000;;
									}
									Frame thumb_01_r {
										FrameTransformMatrix {
											-0.132956,0.379465,0.915603,0.000000,
											0.974792,0.217071,0.051587,0.000000,
											-0.179176,0.899381,-0.398761,0.000000,
											-7.761057,-2.573982,-8.277136,1.000000;;
										}
										Frame thumb_02_r {
											FrameTransformMatrix {
												0.031839,0.947397,0.318475,0.000000,
												-0.998292,0.045760,-0.036323,0.000000,
												-0.048985,-0.316774,0.947235,0.000000,
												-9.421142,0.593876,0.083643,1.000000;;
											}
											Frame thumb_03_r {
												FrameTransformMatrix {
													0.996908,0.056475,0.054638,0.000000,
													-0.056363,0.998404,-0.003600,0.000000,
													-0.054754,0.000509,0.998500,0.000000,
													-8.910397,0.377178,0.058603,1.000000;;
												}
											}
										}
									}
									Frame index_01_r {
										FrameTransformMatrix {
											0.224827,0.974188,0.020244,0.000000,
											-0.961260,0.225148,-0.159017,0.000000,
											-0.159470,0.016291,0.987068,0.000000,
											-16.470009,1.438024,-6.613760,1.000000;;
										}
										Frame index_02_r {
											FrameTransformMatrix {
												-0.211962,0.977248,0.007690,0.000000,
												-0.977277,-0.211945,-0.002970,0.000000,
												-0.001273,-0.008144,0.999966,0.000000,
												-9.508614,0.643767,-0.623766,1.000000;;
											}
											Frame index_03_r {
												FrameTransformMatrix {
													0.999086,-0.000000,0.042746,0.000000,
													0.001634,0.999269,-0.038183,0.000000,
													-0.042715,0.038218,0.998356,0.000000,
													-6.657835,1.017637,-0.346229,1.000000;;
												}
											}
										}
									}
									Frame ring_01_r {
										FrameTransformMatrix {
											0.172474,0.984985,-0.007590,0.000000,
											-0.984990,0.172518,0.005596,0.000000,
											0.006822,0.006511,0.999956,0.000000,
											-17.496218,2.933113,3.587840,1.000000;;
										}
										Frame ring_02_r {
											FrameTransformMatrix {
												-0.082666,0.996206,-0.027199,0.000000,
												-0.996045,-0.083483,-0.030417,0.000000,
												-0.032572,0.024577,0.999167,0.000000,
												-8.392414,0.606222,0.010262,1.000000;;
											}
											Frame ring_03_r {
												FrameTransformMatrix {
													0.999811,0.000000,0.019435,0.000000,
													0.000000,1.000000,0.000000,0.000000,
													-0.019435,0.000000,0.999811,0.000000,
													-7.046180,1.160231,-0.318541,1.000000;;
												}
											}
										}
									}
								}
							}
						}
						Frame Shoulder_r {
							FrameTransformMatrix {
								0.819207,-0.373515,-0.435185,0.000000,
								0.414860,0.909885,0.000000,0.000000,
								0.395968,-0.180541,0.900341,0.000000,
								-10.304314,-0.218563,8.782545,1.000000;;
							}
							Frame FrontGarment01_r {
								FrameTransformMatrix {
									0.040194,-0.198592,0.979258,0.000000,
									-0.134271,0.970087,0.202243,0.000000,
									-0.990129,-0.139615,0.012327,0.000000,
									-6.505545,12.660254,-4.464426,1.000000;;
								}
								Frame FrontGarment02_r {
									FrameTransformMatrix {
										0.931649,0.145114,-0.333124,0.000000,
										-0.161582,0.986611,-0.022114,0.000000,
										0.325455,0.074430,0.942624,0.000000,
										-41.093552,-0.000013,0.000059,1.000000;;
									}
									Frame FrontGarment03_r {
										FrameTransformMatrix {
											0.999928,-0.009892,-0.006751,0.000000,
											0.009883,0.999950,-0.001354,0.000000,
											0.006764,0.001288,0.999976,0.000000,
											-41.610119,-0.000034,-0.000061,1.000000;;
										}
									}
								}
							}
							Frame RearGarment01_r {
								FrameTransformMatrix {
									-0.149955,0.221265,0.963616,0.000000,
									-0.372146,0.890326,-0.262349,0.000000,
									-0.915981,-0.397946,-0.051166,0.000000,
									1.554375,-15.130346,-1.799159,1.000000;;
								}
								Frame RearGarment02_r {
									FrameTransformMatrix {
										0.915269,0.401181,0.036558,0.000000,
										-0.401654,0.915770,0.006357,0.000000,
										-0.030928,-0.020501,0.999311,0.000000,
										-36.182835,-0.000128,0.000127,1.000000;;
									}
									Frame RearGarment03_r {
										FrameTransformMatrix {
											0.942386,0.304969,0.137484,0.000000,
											-0.306873,0.951720,-0.007646,0.000000,
											-0.133178,-0.034985,0.990474,0.000000,
											-40.224739,0.000081,0.000045,1.000000;;
										}
										Frame RearGarment04_r {
											FrameTransformMatrix {
												0.999847,0.015555,0.007965,0.000000,
												-0.015543,0.999878,-0.001513,0.000000,
												-0.007988,0.001389,0.999967,0.000000,
												-42.257042,-0.000060,-0.000074,1.000000;;
											}
										}
									}
								}
							}
							Frame ShoulderPad_r {
								FrameTransformMatrix {
									0.977044,0.000000,0.213040,0.000000,
									0.000000,1.000000,0.000000,0.000000,
									-0.213040,0.000000,0.977044,0.000000,
									-20.547213,-0.656356,0.793855,1.000000;;
								}
							}
						}
					}
				}
			}
		}
		Frame thigh_l {
			FrameTransformMatrix {
				0.401978,0.672676,-0.621225,0.000000,
				-0.864356,0.054878,-0.499878,0.000000,
				-0.302164,0.737899,0.603491,0.000000,
				-3.230826,0.808217,13.133170,1.000000;;
			}
			Frame calf_l {
				FrameTransformMatrix {
					0.650995,-0.752120,-0.102571,0.000000,
					0.757232,0.652881,0.018619,0.000000,
					0.052963,-0.089791,0.994551,0.000000,
					-27.418129,-0.542472,0.323017,1.000000;;
				}
				Frame foot_l {
					FrameTransformMatrix {
						0.987628,-0.028164,0.154264,0.000000,
						-0.002798,0.980418,0.196908,0.000000,
						-0.156789,-0.194904,0.968210,0.000000,
						-34.662071,3.020201,1.231595,1.000000;;
					}
					Frame ball_l {
						FrameTransformMatrix {
							-0.008342,-0.999839,0.015913,0.000000,
							0.999939,-0.008226,0.007351,0.000000,
							-0.007219,0.015973,0.999846,0.000000,
							-6.847696,-16.243237,0.775744,1.000000;;
						}
					}
				}
			}
		}
		Frame thigh_r {
			FrameTransformMatrix {
				-0.848870,-0.523016,-0.076641,0.000000,
				0.520700,-0.802370,-0.291673,0.000000,
				0.091055,-0.287500,0.953443,0.000000,
				-3.230861,0.808215,-13.133200,1.000000;;
			}
			Frame calf_r {
				FrameTransformMatrix {
					0.890482,-0.451973,-0.052559,0.000000,
					0.453773,0.890641,0.029143,0.000000,
					0.033639,-0.049801,0.998192,0.000000,
					27.418112,0.542467,-0.322981,1.000000;;
				}
				Frame foot_r {
					FrameTransformMatrix {
						0.896011,0.286978,0.338834,0.000000,
						-0.310242,0.950534,0.015339,0.000000,
						-0.317671,-0.118864,0.940721,0.000000,
						34.662056,-3.020197,-1.231645,1.000000;;
					}
					Frame ball_r {
						FrameTransformMatrix {
							-0.699859,-0.714103,0.015913,0.000000,
							0.714256,-0.699845,0.007351,0.000000,
							0.005887,0.016510,0.999846,0.000000,
							6.847691,16.243235,-0.775746,1.000000;;
						}
					}
				}
			}
		}
		Frame Weapon {
			FrameTransformMatrix {
				0.515884,0.058864,0.854634,0.000000,
				0.308761,0.917807,-0.249593,0.000000,
				-0.799081,0.392639,0.455307,0.000000,
				-0.040800,-3.047140,-73.666161,1.000000;;
			}
		}
	}
}
Frame WizardBody {
	FrameTransformMatrix {
		0.010000,0.000000,0.000000,0.000000,
		0.000000,-0.000000,0.010000,0.000000,
		0.000000,-0.010000,-0.000000,0.000000,
		0.000000,0.000000,0.000000,1.000000;;
	}
}
AnimationSet Take_001 {
	Animation {
		{root}
		AnimationKey {
			4;
			41;
			0;16;
			0.010000,0.000000,0.000000,0.000000,
			0.000000,-0.000000,0.010000,0.000000,
			0.000000,-0.010000,-0.000000,0.000000,
			0.000000,0.000000,0.000000,1.000000;;,
			1;16;
			0.010000,0.000000,0.000000,0.000000,
			0.000000,-0.000000,0.010000,0.000000,
			0.000000,-0.010000,-0.000000,0.000000,
			0.000000,0.000000,0.000000,1.000000;;,
			2;16;
			0.010000,0.000000,0.000000,0.000000,
			0.000000,-0.000000,0.010000,0.000000,
			0.000000,-0.010000,-0.000000,0.000000,
			0.000000,0.000000,0.000000,1.000000;;,
			3;16;
			0.010000,0.000000,0.000000,0.000000,
			0.000000,-0.000000,0.010000,0.000000,
			0.000000,-0.010000,-0.000000,0.000000,
			0.000000,0.000000,0.000000,1.000000;;,
			4;16;
			0.010000,0.000000,0.000000,0.000000,
			0.000000,-0.000000,0.010000,0.000000,
			0.000000,-0.010000,-0.000000,0.000000,
			0.000000,0.000000,0.000000,1.000000;;,
			5;16;
			0.010000,0.000000,0.000000,0.000000,
			0.000000,-0.000000,0.010000,0.000000,
			0.000000,-0.010000,-0.000000,0.000000,
			0.000000,0.000000,0.000000,1.000000;;,
			6;16;
			0.010000,0.000000,0.000000,0.000000,
			0.000000,-0.000000,0.010000,0.000000,
			0.000000,-0.010000,-0.000000,0.000000,
			0.000000,0.000000,0.000000,1.000000;;,
			7;16;
			0.010000,0.000000,0.000000,0.000000,
			0.000000,-0.000000,0.010000,0.000000,
			0.000000,-0.010000,-0.000000,0.000000,
			0.000000,0.000000,0.000000,1.000000;;,
			8;16;
			0.010000,0.000000,0.000000,0.000000,
			0.000000,-0.000000,0.010000,0.000000,
			0.000000,-0.010000,-0.000000,0.000000,
			0.000000,0.000000,0.000000,1.000000;;,
			9;16;
			0.010000,0.000000,0.000000,0.000000,
			0.000000,-0.000000,0.010000,0.000000,
			0.000000,-0.010000,-0.000000,0.000000,
			0.000000,0.000000,0.000000,1.000000;;,
			10;16;
			0.010000,0.000000,0.000000,0.000000,
			0.000000,-0.000000,0.010000,0.000000,
			0.000000,-0.010000,-0.000000,0.000000,
			0.000000,0.000000,0.000000,1.000000;;,
			11;16;
			0.010000,0.000000,0.000000,0.000000,
			0.000000,-0.000000,0.010000,0.000000,
			0.000000,-0.010000,-0.000000,0.000000,
			0.000000,0.000000,0.000000,1.000000;;,
			12;16;
			0.010000,0.000000,0.000000,0.000000,
			0.000000,-0.000000,0.010000,0.000000,
			0.000000,-0.010000,-0.000000,0.000000,
			0.000000,0.000000,0.000000,1.000000;;,
			13;16;
			0.010000,0.000000,0.000000,0.000000,
			0.000000,-0.000000,0.010000,0.000000,
			0.000000,-0.010000,-0.000000,0.000000,
			0.000000,0.000000,0.000000,1.000000;;,
			14;16;
			0.010000,0.000000,0.000000,0.000000,
			0.000000,-0.000000,0.010000,0.000000,
			0.000000,-0.010000,-0.000000,0.000000,
			0.000000,0.000000,0.000000,1.000000;;,
			15;16;
			0.010000,0.000000,0.000000,0.000000,
			0.000000,-0.000000,0.010000,0.000000,
			0.000000,-0.010000,-0.000000,0.000000,
			0.000000,0.000000,0.000000,1.000000;;,
			16;16;
			0.010000,0.000000,0.000000,0.000000,
			0.000000,-0.000000,0.010000,0.000000,
			0.000000,-0.010000,-0.000000,0.000000,
			0.000000,0.000000,0.000000,1.000000;;,
			17;16;
			0.010000,0.000000,0.000000,0.000000,
			0.000000,-0.000000,0.010000,0.000000,
			0.000000,-0.010000,-0.000000,0.000000,
			0.000000,0.000000,0.000000,1.000000;;,
			18;16;
			0.010000,0.000000,0.000000,0.000000,
			0.000000,-0.000000,0.010000,0.000000,
			0.000000,-0.010000,-0.000000,0.000000,
			0.000000,0.000000,0.000000,1.000000;;,
			19;16;
			0.010000,0.000000,0.000000,0.000000,
			0.000000,-0.000000,0.010000,0.000000,
			0.000000,-0.010000,-0.000000,0.000000,
			0.000000,0.000000,0.000000,1.000000;;,
			20;16;
			0.010000,0.000000,0.000000,0.000000,
			0.000000,-0.000000,0.010000,0.000000,
			0.000000,-0.010000,-0.000000,0.000000,
			0.000000,0.000000,0.000000,1.000000;;,
			21;16;
			0.010000,0.000000,0.000000,0.000000,
			0.000000,-0.000000,0.010000,0.000000,
			0.000000,-0.010000,-0.000000,0.000000,
			0.000000,0.000000,0.000000,1.000000;;,
			22;16;
			0.010000,0.000000,0.000000,0.000000,
			0.000000,-0.000000,0.010000,0.000000,
			0.000000,-0.010000,-0.000000,0.000000,
			0.000000,0.000000,0.000000,1.000000;;,
			23;16;
			0.010000,0.000000,0.000000,0.000000,
			0.000000,-0.000000,0.010000,0.000000,
			0.000000,-0.010000,-0.000000,0.000000,
			0.000000,0.000000,0.000000,1.000000;;,
			24;16;
			0.010000,0.000000,0.000000,0.000000,
			0.000000,-0.000000,0.010000,0.000000,
			0.000000,-0.010000,-0.000000,0.000000,
			0.000000,0.000000,0.000000,1.000000;;,
			25;16;
			0.010000,0.000000,0.000000,0.000000,
			0.000000,-0.000000,0.010000,0.000000,
			0.000000,-0.010000,-0.000000,0.000000,
			0.000000,0.000000,0.000000,1.000000;;,
			26;16;
			0.010000,0.000000,0.000000,0.000000,
			0.000000,-0.000000,0.010000,0.000000,
			0.000000,-0.010000,-0.000000,0.000000,
			0.000000,0.000000,0.000000,1.000000;;,
			27;16;
			0.010000,0.000000,0.000000,0.000000,
			0.000000,-0.000000,0.010000,0.000000,
			0.000000,-0.010000,-0.000000,0.000000,
			0.000000,0.000000,0.000000,1.000000;;,
			28;16;
			0.010000,0.000000,0.000000,0.000000,
			0.000000,-0.000000,0.010000,0.000000,
			0.000000,-0.010000,-0.000000,0.000000,
			0.000000,0.000000,0.000000,1.000000;;,
			29;16;
			0.010000,0.000000,0.000000,0.000000,
			0.000000,-0.000000,0.010000,0.000000,
			0.000000,-0.010000,-0.000000,0.000000,
			0.000000,0.000000,0.000000,1.000000;;,
			30;16;
			0.010000,0.000000,0.000000,0.000000,
			0.000000,-0.000000,0.010000,0.000000,
			0.000000,-0.010000,-0.000000,0.000000,
			0.000000,0.000000,0.000000,1.000000;;,
			31;16;
			0.010000,0.000000,0.000000,0.000000,
			0.000000,-0.000000,0.010000,0.000000,
			0.000000,-0.010000,-0.000000,0.000000,
			0.000000,0.000000,0.000000,1.000000;;,
			32;16;
			0.010000,0.000000,0.000000,0.000000,
			0.000000,-0.000000,0.010000,0.000000,
			0.000000,-0.010000,-0.000000,0.000000,
			0.000000,0.000000,0.000000,1.000000;;,
			33;16;
			0.010000,0.000000,0.000000,0.000000,
			0.000000,-0.000000,0.010000,0.000000,
			0.000000,-0.010000,-0.000000,0.000000,
			0.000000,0.000000,0.000000,1.000000;;,
			34;16;
			0.010000,0.000000,0.000000,0.000000,
			0.000000,-0.000000,0.010000,0.000000,
			0.000000,-0.010000,-0.000000,0.000000,
			0.000000,0.000000,0.000000,1.000000;;,
			35;16;
			0.010000,0.000000,0.000000,0.000000,
			0.000000,-0.000000,0.010000,0.000000,
			0.000000,-0.010000,-0.000000,0.000000,
			0.000000,0.000000,0.000000,1.000000;;,
			36;16;
			0.010000,0.000000,0.000000,0.000000,
			0.000000,-0.000000,0.010000,0.000000,
			0.000000,-0.010000,-0.000000,0.000000,
			0.000000,0.000000,0.000000,1.000000;;,
			37;16;
			0.010000,0.000000,0.000000,0.000000,
			0.000000,-0.000000,0.010000,0.000000,
			0.000000,-0.010000,-0.000000,0.000000,
			0.000000,0.000000,0.000000,1.000000;;,
			38;16;
			0.010000,0.000000,0.000000,0.000000,
			0.000000,-0.000000,0.010000,0.000000,
			0.000000,-0.010000,-0.000000,0.000000,
			0.000000,0.000000,0.000000,1.000000;;,
			39;16;
			0.010000,0.000000,0.000000,0.000000,
			0.000000,-0.000000,0.010000,0.000000,
			0.000000,-0.010000,-0.000000,0.000000,
			0.000000,0.000000,0.000000,1.000000;;,
			40;16;
			0.010000,0.000000,0.000000,0.000000,
			0.000000,-0.000000,0.010000,0.000000,
			0.000000,-0.010000,-0.000000,0.000000,
			0.000000,0.000000,0.000000,1.000000;;;
		}
	}
	Animation {
		{pelvis}
		AnimationKey {
			4;
			41;
			0;16;
			-0.002972,-0.065817,-0.997827,0.000000,
			0.363915,0.929341,-0.062384,0.000000,
			0.931427,-0.363310,0.021190,0.000000,
			0.000000,0.281806,-69.629593,1.000000;;,
			1;16;
			-0.001246,-0.065913,-0.997825,0.000000,
			0.342300,0.937519,-0.062357,0.000000,
			0.939590,-0.341633,0.021394,0.000000,
			0.000000,1.014090,-69.629593,1.000000;;,
			2;16;
			0.003451,-0.066200,-0.997800,0.000000,
			0.282843,0.957126,-0.062523,0.000000,
			0.959160,-0.282005,0.022027,0.000000,
			0.000000,3.001717,-69.629593,1.000000;;,
			3;16;
			0.010642,-0.066101,-0.997756,0.000000,
			0.193292,0.979129,-0.062805,0.000000,
			0.981083,-0.192190,0.023196,0.000000,
			0.000000,5.930851,-69.629593,1.000000;;,
			4;16;
			0.019653,-0.065231,-0.997677,0.000000,
			0.082438,0.994577,-0.063404,0.000000,
			0.996402,-0.081000,0.024924,0.000000,
			0.000000,9.487657,-69.629593,1.000000;;,
			5;16;
			0.030004,-0.063206,-0.997549,0.000000,
			-0.039280,0.997153,-0.064362,0.000000,
			0.998778,0.041115,0.027435,0.000000,
			0.000000,13.358297,-69.629593,1.000000;;,
			6;16;
			0.040926,-0.059931,-0.997363,0.000000,
			-0.160332,0.984870,-0.065759,0.000000,
			0.986214,0.162601,0.030698,0.000000,
			0.000000,17.228939,-69.629593,1.000000;;,
			7;16;
			0.051845,-0.055790,-0.997096,0.000000,
			-0.269397,0.960642,-0.067758,0.000000,
			0.961632,0.272128,0.034774,0.000000,
			0.000000,20.785746,-69.629593,1.000000;;,
			8;16;
			0.062564,-0.051361,-0.996719,0.000000,
			-0.356421,0.931671,-0.070381,0.000000,
			0.932228,0.359655,0.039983,0.000000,
			0.000000,23.714880,-69.629593,1.000000;;,
			9;16;
			0.072608,-0.047888,-0.996210,0.000000,
			-0.413591,0.907470,-0.073766,0.000000,
			0.907563,0.417379,0.046084,0.000000,
			0.000000,25.702507,-69.629593,1.000000;;,
			10;16;
			0.082167,-0.046802,-0.995519,0.000000,
			-0.433609,0.897720,-0.077993,0.000000,
			0.897347,0.438074,0.053469,0.000000,
			0.000000,26.434790,-69.629593,1.000000;;,
			11;16;
			0.098399,-0.068544,-0.992784,0.000000,
			-0.374117,0.921895,-0.100730,0.000000,
			0.922146,0.381329,0.065070,0.000000,
			0.000000,23.504448,-69.329895,1.000000;;,
			12;16;
			0.114128,-0.127564,-0.985242,0.000000,
			-0.217391,0.964481,-0.150058,0.000000,
			0.969389,0.231309,0.082343,0.000000,
			0.000000,16.178591,-68.580650,1.000000;;,
			13;16;
			0.104503,-0.210359,-0.972023,0.000000,
			-0.000286,0.977368,-0.211547,0.000000,
			0.994525,0.022385,0.102078,0.000000,
			0.000000,6.654976,-67.606628,1.000000;;,
			14;16;
			0.060077,-0.291042,-0.954822,0.000000,
			0.224304,0.936023,-0.271199,0.000000,
			0.972666,-0.197878,0.121515,0.000000,
			0.000000,-2.868638,-66.632607,1.000000;;,
			15;16;
			-0.001726,-0.344371,-0.938832,0.000000,
			0.403750,0.858670,-0.315709,0.000000,
			0.914868,-0.379598,0.137558,0.000000,
			0.000000,-10.194497,-65.883362,1.000000;;,
			16;16;
			-0.044375,-0.361506,-0.931313,0.000000,
			0.505523,0.795944,-0.333047,0.000000,
			0.861671,-0.485579,0.147429,0.000000,
			0.000000,-13.124845,-65.583664,1.000000;;,
			17;16;
			-0.060077,-0.360762,-0.930721,0.000000,
			0.548585,0.767038,-0.332727,0.000000,
			0.833934,-0.530568,0.151828,0.000000,
			0.000000,-13.124845,-65.583664,1.000000;;,
			18;16;
			-0.067922,-0.359956,-0.930493,0.000000,
			0.570091,0.751388,-0.332284,0.000000,
			0.818769,-0.553035,0.154172,0.000000,
			0.000000,-13.124845,-65.583664,1.000000;;,
			19;16;
			-0.070313,-0.358915,-0.930718,0.000000,
			0.577974,0.745794,-0.331267,0.000000,
			0.813020,-0.561224,0.155004,0.000000,
			0.000000,-13.124845,-65.583664,1.000000;;,
			20;16;
			-0.069644,-0.357414,-0.931346,0.000000,
			0.579248,0.745610,-0.329451,0.000000,
			0.812171,-0.562424,0.155104,0.000000,
			0.000000,-13.124845,-65.583664,1.000000;;,
			21;16;
			-0.067253,-0.353719,-0.932931,0.000000,
			0.578019,0.748338,-0.325399,0.000000,
			0.813248,-0.561135,0.154129,0.000000,
			0.000000,-13.027647,-65.612999,1.000000;;,
			22;16;
			-0.063330,-0.346912,-0.935757,0.000000,
			0.574105,0.754298,-0.318494,0.000000,
			0.816329,-0.557393,0.151394,0.000000,
			0.000000,-12.749459,-65.696953,1.000000;;,
			23;16;
			-0.058163,-0.337040,-0.939692,0.000000,
			0.567848,0.763008,-0.308816,0.000000,
			0.821076,-0.551564,0.147009,0.000000,
			0.000000,-12.310391,-65.829453,1.000000;;,
			24;16;
			-0.052036,-0.324598,-0.944420,0.000000,
			0.559268,0.774017,-0.296845,0.000000,
			0.827352,-0.543630,0.141260,0.000000,
			0.000000,-11.730554,-66.004440,1.000000;;,
			25;16;
			-0.045333,-0.309719,-0.949747,0.000000,
			0.548772,0.786705,-0.282744,0.000000,
			0.834742,-0.534012,0.134302,0.000000,
			0.000000,-11.030057,-66.215843,1.000000;;,
			26;16;
			-0.038436,-0.292819,-0.955395,0.000000,
			0.536543,0.800539,-0.266943,0.000000,
			0.842997,-0.522871,0.126341,0.000000,
			0.000000,-10.229009,-66.457588,1.000000;;,
			27;16;
			-0.031633,-0.274144,-0.961168,0.000000,
			0.522776,0.815085,-0.249683,0.000000,
			0.851883,-0.510374,0.117532,0.000000,
			0.000000,-9.347523,-66.723602,1.000000;;,
			28;16;
			-0.025212,-0.254136,-0.966840,0.000000,
			0.507926,0.829753,-0.231347,0.000000,
			0.861032,-0.496916,0.108162,0.000000,
			0.000000,-8.405704,-67.007835,1.000000;;,
			29;16;
			-0.019365,-0.233159,-0.972246,0.000000,
			0.492138,0.844241,-0.212264,0.000000,
			0.870302,-0.482590,0.098398,0.000000,
			0.000000,-7.423668,-67.304199,1.000000;;,
			30;16;
			-0.014381,-0.211589,-0.977253,0.000000,
			0.475738,0.858194,-0.192812,0.000000,
			0.879469,-0.467690,0.088320,0.000000,
			0.000000,-6.421521,-67.606628,1.000000;;,
			31;16;
			-0.010162,-0.189906,-0.981750,0.000000,
			0.459238,0.871248,-0.173285,0.000000,
			0.888255,-0.452618,0.078358,0.000000,
			0.000000,-5.419374,-67.909065,1.000000;;,
			32;16;
			-0.006999,-0.168595,-0.985660,0.000000,
			0.442994,0.883162,-0.154209,0.000000,
			0.896497,-0.437721,0.068506,0.000000,
			0.000000,-4.437334,-68.205429,1.000000;;,
			33;16;
			-0.004698,-0.148056,-0.988968,0.000000,
			0.427204,0.893891,-0.135852,0.000000,
			0.904143,-0.423129,0.059051,0.000000,
			0.000000,-3.495518,-68.489655,1.000000;;,
			34;16;
			-0.003260,-0.128877,-0.991655,0.000000,
			0.412501,0.903186,-0.118736,0.000000,
			0.910951,-0.409446,0.050218,0.000000,
			0.000000,-2.614032,-68.755669,1.000000;;,
			35;16;
			-0.002493,-0.111365,-0.993776,0.000000,
			0.399008,0.911132,-0.103105,0.000000,
			0.916944,-0.396781,0.042164,0.000000,
			0.000000,-1.812985,-68.997414,1.000000;;,
			36;16;
			-0.002205,-0.096108,-0.995368,0.000000,
			0.387284,0.917610,-0.089458,0.000000,
			0.921958,-0.385687,0.035198,0.000000,
			0.000000,-1.112485,-69.208817,1.000000;;,
			37;16;
			-0.002301,-0.083504,-0.996505,0.000000,
			0.377539,0.922687,-0.078190,0.000000,
			0.925991,-0.376399,0.029403,0.000000,
			0.000000,-0.532648,-69.383804,1.000000;;,
			38;16;
			-0.002589,-0.073947,-0.997259,0.000000,
			0.370158,0.926354,-0.069650,0.000000,
			0.928965,-0.369324,0.024974,0.000000,
			0.000000,-0.093581,-69.516304,1.000000;;,
			39;16;
			-0.002876,-0.067922,-0.997687,0.000000,
			0.365522,0.928581,-0.064271,0.000000,
			0.930798,-0.364861,0.022156,0.000000,
			0.000000,0.184608,-69.600258,1.000000;;,
			40;16;
			-0.002972,-0.065817,-0.997827,0.000000,
			0.363915,0.929341,-0.062384,0.000000,
			0.931427,-0.363310,0.021190,0.000000,
			0.000000,0.281806,-69.629593,1.000000;;;
		}
	}
	Animation {
		{spine_01}
		AnimationKey {
			4;
			41;
			0;16;
			0.988684,-0.149080,0.016681,0.000000,
			0.149764,0.987306,-0.052890,0.000000,
			-0.008585,0.054790,0.998461,0.000000,
			11.897056,-2.768344,-0.000000,1.000000;;,
			1;16;
			0.989241,-0.145286,0.017160,0.000000,
			0.146026,0.987724,-0.055474,0.000000,
			-0.008890,0.057383,0.998313,0.000000,
			11.897056,-2.768344,-0.000000,1.000000;;,
			2;16;
			0.990659,-0.135127,0.018311,0.000000,
			0.136019,0.988735,-0.062458,0.000000,
			-0.009665,0.064365,0.997880,0.000000,
			11.897056,-2.768344,-0.000000,1.000000;;,
			3;16;
			0.992563,-0.120103,0.019844,0.000000,
			0.121242,0.989951,-0.072785,0.000000,
			-0.010903,0.074650,0.997150,0.000000,
			11.897056,-2.768344,-0.000000,1.000000;;,
			4;16;
			0.994586,-0.101714,0.021282,0.000000,
			0.103174,0.990991,-0.085396,0.000000,
			-0.012405,0.087129,0.996120,0.000000,
			11.897056,-2.768344,-0.000000,1.000000;;,
			5;16;
			0.996411,-0.081669,0.022241,0.000000,
			0.083484,0.991565,-0.099137,0.000000,
			-0.013957,0.100638,0.994825,0.000000,
			11.897056,-2.768344,-0.000000,1.000000;;,
			6;16;
			0.997837,-0.061687,0.022720,0.000000,
			0.063872,0.991534,-0.113051,0.000000,
			-0.015554,0.114258,0.993329,0.000000,
			11.897056,-2.768344,-0.000000,1.000000;;,
			7;16;
			0.998807,-0.043214,0.022720,0.000000,
			0.045736,0.991012,-0.125707,0.000000,
			-0.017084,0.126597,0.991807,0.000000,
			11.897056,-2.768344,-0.000000,1.000000;;,
			8;16;
			0.999359,-0.027984,0.022336,0.000000,
			0.030773,0.990196,-0.136256,0.000000,
			-0.018304,0.136856,0.990422,0.000000,
			11.897056,-2.768344,-0.000000,1.000000;;,
			9;16;
			0.999605,-0.017635,0.021857,0.000000,
			0.020591,0.989454,-0.143376,0.000000,
			-0.019098,0.143769,0.989427,0.000000,
			11.897056,-2.768344,-0.000000,1.000000;;,
			10;16;
			0.999670,-0.013802,0.021666,0.000000,
			0.016821,0.989137,-0.146032,0.000000,
			-0.019415,0.146349,0.989043,0.000000,
			11.897056,-2.768344,-0.000000,1.000000;;,
			11;16;
			0.999856,-0.016297,0.004793,0.000000,
			0.016757,0.992548,-0.120696,0.000000,
			-0.002791,0.120759,0.992678,0.000000,
			11.897056,-2.768344,-0.000000,1.000000;;,
			12;16;
			0.999463,-0.018400,-0.027129,0.000000,
			0.016682,0.997921,-0.062254,0.000000,
			0.028218,0.061768,0.997692,0.000000,
			11.897056,-2.768344,-0.000000,1.000000;;,
			13;16;
			0.998839,-0.016568,-0.045237,0.000000,
			0.016681,0.999859,0.002107,0.000000,
			0.045196,-0.002859,0.998974,0.000000,
			11.897056,-2.768344,-0.000000,1.000000;;,
			14;16;
			0.998842,-0.013120,-0.046290,0.000000,
			0.016742,0.996755,0.078738,0.000000,
			0.045107,-0.079422,0.995820,0.000000,
			11.897056,-2.768344,-0.000000,1.000000;;,
			15;16;
			0.998872,-0.009672,-0.046482,0.000000,
			0.017016,0.986923,0.160294,0.000000,
			0.044324,-0.160904,0.985974,0.000000,
			11.897056,-2.768344,-0.000000,1.000000;;,
			16;16;
			0.998887,-0.008044,-0.046482,0.000000,
			0.017198,0.979636,0.200043,0.000000,
			0.043926,-0.200620,0.978684,0.000000,
			11.897056,-2.768344,-0.000000,1.000000;;,
			17;16;
			0.999024,0.010728,-0.042842,0.000000,
			-0.001772,0.979005,0.203828,0.000000,
			0.044130,-0.203553,0.978069,0.000000,
			11.897056,-2.768344,-0.000000,1.000000;;,
			18;16;
			0.998045,0.051909,-0.034795,0.000000,
			-0.043622,0.977391,0.206892,0.000000,
			0.044748,-0.204970,0.977745,0.000000,
			11.897056,-2.768344,-0.000000,1.000000;;,
			19;16;
			0.995310,0.093022,-0.026554,0.000000,
			-0.085483,0.974231,0.208726,0.000000,
			0.045286,-0.205477,0.977614,0.000000,
			11.897056,-2.768344,-0.000000,1.000000;;,
			20;16;
			0.993499,0.111527,-0.022816,0.000000,
			-0.104337,0.972268,0.209307,0.000000,
			0.045527,-0.205566,0.977584,0.000000,
			11.897056,-2.768344,-0.000000,1.000000;;,
			21;16;
			0.993707,0.109622,-0.023008,0.000000,
			-0.102519,0.972863,0.207432,0.000000,
			0.045122,-0.203768,0.977979,0.000000,
			11.897056,-2.768344,-0.000000,1.000000;;,
			22;16;
			0.994278,0.104188,-0.023583,0.000000,
			-0.097333,0.974559,0.201894,0.000000,
			0.044018,-0.198443,0.979123,0.000000,
			11.897056,-2.768344,-0.000000,1.000000;;,
			23;16;
			0.995131,0.095508,-0.024350,0.000000,
			-0.089053,0.977119,0.193152,0.000000,
			0.042240,-0.190043,0.980867,0.000000,
			11.897056,-2.768344,-0.000000,1.000000;;,
			24;16;
			0.996153,0.083956,-0.025116,0.000000,
			-0.078040,0.980277,0.181569,0.000000,
			0.039865,-0.178910,0.983057,0.000000,
			11.897056,-2.768344,-0.000000,1.000000;;,
			25;16;
			0.997207,0.070099,-0.025787,0.000000,
			-0.064817,0.983722,0.167599,0.000000,
			0.037116,-0.165459,0.985518,0.000000,
			11.897056,-2.768344,-0.000000,1.000000;;,
			26;16;
			0.998196,0.054124,-0.025979,0.000000,
			-0.049582,0.987196,0.151609,0.000000,
			0.033852,-0.150047,0.988099,0.000000,
			11.897056,-2.768344,-0.000000,1.000000;;,
			27;16;
			0.999002,0.036604,-0.025596,0.000000,
			-0.032858,0.990441,0.133967,0.000000,
			0.030255,-0.132992,0.990655,0.000000,
			11.897056,-2.768344,-0.000000,1.000000;;,
			28;16;
			0.999536,0.017922,-0.024637,0.000000,
			-0.014971,0.993236,0.115141,0.000000,
			0.026534,-0.114719,0.993044,0.000000,
			11.897056,-2.768344,-0.000000,1.000000;;,
			29;16;
			0.999739,-0.001533,-0.022816,0.000000,
			0.003709,0.995412,0.095607,0.000000,
			0.022565,-0.095666,0.995158,0.000000,
			11.897056,-2.768344,-0.000000,1.000000;;,
			30;16;
			0.999571,-0.021278,-0.020132,0.000000,
			0.022744,0.996875,0.075653,0.000000,
			0.018459,-0.076078,0.996931,0.000000,
			11.897056,-2.768344,-0.000000,1.000000;;,
			31;16;
			0.999022,-0.040921,-0.016777,0.000000,
			0.041800,0.997558,0.055953,0.000000,
			0.014447,-0.056600,0.998292,0.000000,
			11.897056,-2.768344,-0.000000,1.000000;;,
			32;16;
			0.998118,-0.059976,-0.012751,0.000000,
			0.060408,0.997499,0.036708,0.000000,
			0.010517,-0.037410,0.999245,0.000000,
			11.897056,-2.768344,-0.000000,1.000000;;,
			33;16;
			0.996908,-0.078150,-0.008149,0.000000,
			0.078289,0.996761,0.018406,0.000000,
			0.006684,-0.018987,0.999797,0.000000,
			11.897056,-2.768344,-0.000000,1.000000;;,
			34;16;
			0.995466,-0.095058,-0.003260,0.000000,
			0.095063,0.995470,0.001438,0.000000,
			0.003108,-0.001741,0.999994,0.000000,
			11.897056,-2.768344,-0.000000,1.000000;;,
			35;16;
			0.993906,-0.110222,0.001630,0.000000,
			0.110234,0.993810,-0.013805,0.000000,
			-0.000098,0.013901,0.999903,0.000000,
			11.897056,-2.768344,-0.000000,1.000000;;,
			36;16;
			0.992342,-0.123359,0.006327,0.000000,
			0.123487,0.991978,-0.027032,0.000000,
			-0.002942,0.027607,0.999615,0.000000,
			11.897056,-2.768344,-0.000000,1.000000;;,
			37;16;
			0.990913,-0.134098,0.010450,0.000000,
			0.134401,0.990203,-0.037859,0.000000,
			-0.005271,0.038919,0.999228,0.000000,
			11.897056,-2.768344,-0.000000,1.000000;;,
			38;16;
			0.989748,-0.142163,0.013709,0.000000,
			0.142650,0.988704,-0.045999,0.000000,
			-0.007015,0.047483,0.998847,0.000000,
			11.897056,-2.768344,-0.000000,1.000000;;,
			39;16;
			0.988967,-0.147280,0.015914,0.000000,
			0.147911,0.987676,-0.051168,0.000000,
			-0.008182,0.052957,0.998563,0.000000,
			11.897056,-2.768344,-0.000000,1.000000;;,
			40;16;
			0.988685,-0.149080,0.016681,0.000000,
			0.149764,0.987306,-0.052890,0.000000,
			-0.008585,0.054790,0.998461,0.000000,
			11.897056,-2.768344,-0.000000,1.000000;;;
		}
	}
	Animation {
		{spine_02}
		AnimationKey {
			4;
			41;
			0;16;
