xof 0303txt 0032
Frame root {
	FrameTransformMatrix {
		0.010000,0.000000,0.000000,0.000000,
		0.000000,-0.000000,0.010000,0.000000,
		0.000000,-0.010000,-0.000000,0.000000,
		0.000000,0.000000,0.000000,1.000000;;
	}
	Frame pelvis {
		FrameTransformMatrix {
			-0.009920,-0.001906,-0.999949,0.000000,
			0.144168,0.989548,-0.003317,0.000000,
			0.989503,-0.144194,-0.009541,0.000000,
			0.000000,-12.807641,-67.790665,1.000000;;
		}
		Frame spine_01 {
			FrameTransformMatrix {
				0.979780,-0.198429,0.025652,0.000000,
				0.199491,0.978664,-0.049204,0.000000,
				-0.015341,0.053327,0.998459,0.000000,
				11.897056,-2.768344,-0.000000,1.000000;;
			}
			Frame spine_02 {
				FrameTransformMatrix {
					0.980915,0.191003,0.036391,0.000000,
					-0.186820,0.977703,-0.095896,0.000000,
					-0.053896,0.087267,0.994726,0.000000,
					14.500739,1.261342,-0.000000,1.000000;;
				}
				Frame spine_03 {
					FrameTransformMatrix {
						0.996790,0.080065,-0.000000,0.000000,
						-0.080065,0.996790,-0.000000,0.000000,
						0.000000,0.000000,1.000000,0.000000,
						12.496109,0.321524,-0.000000,1.000000;;
					}
					Frame neck_01 {
						FrameTransformMatrix {
							0.947987,-0.307378,0.082700,0.000000,
							0.317861,0.927930,-0.194705,0.000000,
							-0.016892,0.210864,0.977369,0.000000,
							21.878693,0.005165,-0.000000,1.000000;;
						}
						Frame head {
							FrameTransformMatrix {
								0.936435,0.350820,0.003797,0.000000,
								-0.350827,0.936440,0.001188,0.000000,
								-0.003139,-0.002444,0.999992,0.000000,
								25.710386,0.140607,-0.000000,1.000000;;
							}
							Frame Hair01_l {
								FrameTransformMatrix {
									-0.819384,-0.538106,0.197617,0.000000,
									-0.526390,0.842792,0.112320,0.000000,
									-0.226990,-0.011991,-0.973823,0.000000,
									-2.802900,-2.445666,17.216135,1.000000;;
								}
								Frame Hair02_l {
									FrameTransformMatrix {
										0.936471,-0.342689,-0.074741,0.000000,
										0.338493,0.938831,-0.063395,0.000000,
										0.091894,0.034069,0.995186,0.000000,
										17.107462,0.000000,0.000000,1.000000;;
									}
									Frame Hair03_l {
										FrameTransformMatrix {
											-0.000485,0.184884,-0.982760,0.000000,
											-0.793430,0.598098,0.112910,0.000000,
											0.608662,0.779806,0.146402,0.000000,
											17.868711,0.000000,-0.000000,1.000000;;
										}
									}
								}
							}
							Frame Hair01_r {
								FrameTransformMatrix {
									0.738953,0.576354,0.348948,0.000000,
									0.542850,-0.816075,0.198332,0.000000,
									0.399077,0.042869,-0.915915,0.000000,
									-2.802879,-2.445665,-17.216101,1.000000;;
								}
								Frame Hair02_r {
									FrameTransformMatrix {
										0.940724,-0.292812,0.171172,0.000000,
										0.290021,0.956113,0.041662,0.000000,
										-0.175859,0.010451,0.984360,0.000000,
										-17.107590,-0.000088,0.000030,1.000000;;
									}
									Frame Hair03_r {
										FrameTransformMatrix {
											-0.000485,0.184884,-0.982760,0.000000,
											-0.793430,0.598098,0.112910,0.000000,
											0.608662,0.779806,0.146402,0.000000,
											-17.868824,-0.000087,-0.000017,1.000000;;
										}
									}
								}
							}
						}
					}
					Frame clavicle_l {
						FrameTransformMatrix {
							-0.132891,0.446703,0.884758,0.000000,
							0.261614,0.876826,-0.403403,0.000000,
							-0.955980,0.177857,-0.233386,0.000000,
							8.485651,-3.456696,9.015220,1.000000;;
						}
						Frame upperarm_l {
							FrameTransformMatrix {
								0.818683,-0.403269,0.408817,0.000000,
								0.455882,0.889325,-0.035678,0.000000,
								-0.349184,0.215581,0.911919,0.000000,
								12.778380,-0.000000,-0.000000,1.000000;;
							}
							Frame lowerarm_l {
								FrameTransformMatrix {
									0.329762,-0.944064,0.000052,0.000000,
									0.944064,0.329762,-0.000002,0.000000,
									-0.000015,0.000049,1.000000,0.000000,
									35.128559,1.515315,-0.004476,1.000000;;
								}
								Frame hand_l {
									FrameTransformMatrix {
										0.970358,-0.218633,0.102980,0.000000,
										-0.191389,-0.435022,0.879844,0.000000,
										-0.147565,-0.873473,-0.463971,0.000000,
										23.148167,-0.587805,0.000000,1.000000;;
									}
									Frame thumb_01_l {
										FrameTransformMatrix {
											0.576623,0.324750,0.749696,0.000000,
											0.792408,0.001193,-0.609991,0.000000,
											-0.198989,0.945799,-0.256646,0.000000,
											7.761036,2.573662,8.277136,1.000000;;
										}
										Frame thumb_02_l {
											FrameTransformMatrix {
												0.752321,0.639712,0.157424,0.000000,
												-0.642072,0.765482,-0.042204,0.000000,
												-0.147503,-0.069327,0.986629,0.000000,
												9.421203,-0.593851,-0.083314,1.000000;;
											}
											Frame thumb_03_l {
												FrameTransformMatrix {
													0.996908,0.056475,0.054638,0.000000,
													-0.056363,0.998404,-0.003600,0.000000,
													-0.054754,0.000509,0.998500,0.000000,
													8.910820,-0.377085,-0.058631,1.000000;;
												}
											}
										}
									}
									Frame index_01_l {
										FrameTransformMatrix {
											0.840131,0.532804,0.101488,0.000000,
											-0.513223,0.841449,-0.169011,0.000000,
											-0.175447,0.089906,0.980375,0.000000,
											16.470049,-1.438421,6.613763,1.000000;;
										}
										Frame index_02_l {
											FrameTransformMatrix {
												0.776436,0.630149,0.007690,0.000000,
												-0.630147,0.776470,-0.002970,0.000000,
												-0.007842,-0.002540,0.999966,0.000000,
												9.508547,-0.644083,0.623717,1.000000;;
											}
											Frame index_03_l {
												FrameTransformMatrix {
													0.999086,0.000000,0.042746,0.000000,
													0.001634,0.999269,-0.038183,0.000000,
													-0.042715,0.038218,0.998356,0.000000,
													6.657951,-1.016678,0.346394,1.000000;;
												}
											}
										}
									}
									Frame ring_01_l {
										FrameTransformMatrix {
											0.829147,0.553422,-0.078986,0.000000,
											-0.553881,0.832402,0.017983,0.000000,
											0.075700,0.028838,0.996714,0.000000,
											17.496222,-2.933048,-3.587839,1.000000;;
										}
										Frame ring_02_l {
											FrameTransformMatrix {
												0.817237,0.575659,-0.027199,0.000000,
												-0.576282,0.816685,-0.030417,0.000000,
												0.004703,0.040532,0.999167,0.000000,
												8.391934,-0.606711,-0.010261,1.000000;;
											}
											Frame ring_03_l {
												FrameTransformMatrix {
													0.999811,0.000000,0.019435,0.000000,
													0.000000,1.000000,0.000000,0.000000,
													-0.019435,0.000000,0.999811,0.000000,
													7.046853,-1.159921,0.318573,1.000000;;
												}
											}
										}
									}
								}
							}
						}
						Frame Shoulder_l {
							FrameTransformMatrix {
								0.819207,-0.373515,-0.435185,0.000000,
								0.414860,0.909885,0.000000,0.000000,
								0.395968,-0.180541,0.900341,0.000000,
								10.304173,0.218627,-8.783108,1.000000;;
							}
							Frame FrontGarment01_l {
								FrameTransformMatrix {
									-0.220674,-0.154868,0.962974,0.000000,
									0.193656,0.960700,0.198880,0.000000,
									-0.955929,0.230374,-0.182010,0.000000,
									6.505432,-12.660301,4.465258,1.000000;;
								}
								Frame FrontGarment02_l {
									FrameTransformMatrix {
										0.965165,-0.218599,-0.143776,0.000000,
										0.217132,0.975796,-0.026011,0.000000,
										0.145982,-0.006113,0.989268,0.000000,
										41.093178,0.000000,0.000000,1.000000;;
									}
									Frame FrontGarment03_l {
										FrameTransformMatrix {
											0.999928,-0.009892,-0.006751,0.000000,
											0.009883,0.999950,-0.001354,0.000000,
											0.006764,0.001288,0.999976,0.000000,
											41.610046,-0.000000,0.000000,1.000000;;
										}
									}
								}
							}
							Frame RearGarment01_l {
								FrameTransformMatrix {
									-0.059797,0.255949,0.964839,0.000000,
									-0.253305,0.931040,-0.262682,0.000000,
									-0.965537,-0.260106,0.009160,0.000000,
									-1.554315,15.130317,1.799134,1.000000;;
								}
								Frame RearGarment02_l {
									FrameTransformMatrix {
										0.964453,0.263181,-0.023780,0.000000,
										-0.263099,0.964746,0.006555,0.000000,
										0.024666,-0.000066,0.999696,0.000000,
										36.183285,-0.000000,0.000000,1.000000;;
									}
									Frame RearGarment03_l {
										FrameTransformMatrix {
											0.983117,0.165628,0.077776,0.000000,
											-0.165075,0.986188,-0.013528,0.000000,
											-0.078942,0.000461,0.996879,0.000000,
											40.224743,0.000000,-0.000000,1.000000;;
										}
										Frame RearGarment04_l {
											FrameTransformMatrix {
												0.999847,0.015555,0.007965,0.000000,
												-0.015543,0.999878,-0.001513,0.000000,
												-0.007988,0.001389,0.999967,0.000000,
												42.256981,0.000000,0.000000,1.000000;;
											}
										}
									}
								}
							}
							Frame ShoulderPad_l {
								FrameTransformMatrix {
									0.977044,0.000000,0.213040,0.000000,
									0.000000,1.000000,0.000000,0.000000,
									-0.213040,0.000000,0.977044,0.000000,
									20.547165,0.656359,-0.793545,1.000000;;
								}
							}
						}
					}
					Frame clavicle_r {
						FrameTransformMatrix {
							0.132891,-0.446703,0.884758,0.000000,
							-0.261615,-0.876826,-0.403403,0.000000,
							0.955980,-0.177857,-0.233386,0.000000,
							8.485809,-3.456726,-9.015220,1.000000;;
						}
						Frame upperarm_r {
							FrameTransformMatrix {
								0.917508,-0.326801,0.226671,0.000000,
								0.107359,0.752283,0.650034,0.000000,
								-0.382952,-0.572076,0.725311,0.000000,
								-12.778482,0.000044,-0.000437,1.000000;;
							}
							Frame lowerarm_r {
								FrameTransformMatrix {
									0.233019,-0.972472,0.000063,0.000000,
									0.972472,0.233019,-0.000017,0.000000,
									0.000001,0.000066,1.000000,0.000000,
									-35.128563,-1.515309,0.004754,1.000000;;
								}
								Frame hand_r {
									FrameTransformMatrix {
										0.505227,0.665919,-0.548906,0.000000,
										0.857483,-0.315655,0.406306,0.000000,
										0.097302,-0.675954,-0.730492,0.000000,
										-23.148169,0.587807,0.000246,1.000000;;
									}
									Frame thumb_01_r {
										FrameTransformMatrix {
											-0.132956,0.379465,0.915603,0.000000,
											0.974792,0.217071,0.051587,0.000000,
											-0.179176,0.899381,-0.398761,0.000000,
											-7.761057,-2.573982,-8.277136,1.000000;;
										}
										Frame thumb_02_r {
											FrameTransformMatrix {
												0.031839,0.947397,0.318475,0.000000,
												-0.998292,0.045760,-0.036323,0.000000,
												-0.048985,-0.316774,0.947235,0.000000,
												-9.421142,0.593876,0.083643,1.000000;;
											}
											Frame thumb_03_r {
												FrameTransformMatrix {
													0.996908,0.056475,0.054638,0.000000,
													-0.056363,0.998404,-0.003600,0.000000,
													-0.054754,0.000509,0.998500,0.000000,
													-8.910397,0.377178,0.058603,1.000000;;
												}
											}
										}
									}
									Frame index_01_r {
										FrameTransformMatrix {
											0.224827,0.974188,0.020244,0.000000,
											-0.961260,0.225148,-0.159017,0.000000,
											-0.159470,0.016291,0.987068,0.000000,
											-16.470009,1.438024,-6.613760,1.000000;;
										}
										Frame index_02_r {
											FrameTransformMatrix {
												-0.211962,0.977248,0.007690,0.000000,
												-0.977277,-0.211945,-0.002970,0.000000,
												-0.001273,-0.008144,0.999966,0.000000,
												-9.508614,0.643767,-0.623766,1.000000;;
											}
											Frame index_03_r {
												FrameTransformMatrix {
													0.999086,-0.000000,0.042746,0.000000,
													0.001634,0.999269,-0.038183,0.000000,
													-0.042715,0.038218,0.998356,0.000000,
													-6.657835,1.017637,-0.346229,1.000000;;
												}
											}
										}
									}
									Frame ring_01_r {
										FrameTransformMatrix {
											0.172474,0.984985,-0.007590,0.000000,
											-0.984990,0.172518,0.005596,0.000000,
											0.006822,0.006511,0.999956,0.000000,
											-17.496218,2.933113,3.587840,1.000000;;
										}
										Frame ring_02_r {
											FrameTransformMatrix {
												-0.082666,0.996206,-0.027199,0.000000,
												-0.996045,-0.083483,-0.030417,0.000000,
												-0.032572,0.024577,0.999167,0.000000,
												-8.392414,0.606222,0.010262,1.000000;;
											}
											Frame ring_03_r {
												FrameTransformMatrix {
													0.999811,0.000000,0.019435,0.000000,
													0.000000,1.000000,0.000000,0.000000,
													-0.019435,0.000000,0.999811,0.000000,
													-7.046180,1.160231,-0.318541,1.000000;;
												}
											}
										}
									}
								}
							}
						}
						Frame Shoulder_r {
							FrameTransformMatrix {
								0.819207,-0.373515,-0.435185,0.000000,
								0.414860,0.909885,0.000000,0.000000,
								0.395968,-0.180541,0.900341,0.000000,
								-10.304314,-0.218563,8.782545,1.000000;;
							}
							Frame FrontGarment01_r {
								FrameTransformMatrix {
									-0.070927,-0.218527,0.973250,0.000000,
									-0.197822,0.959408,0.201002,0.000000,
									-0.977669,-0.178274,-0.111277,0.000000,
									-6.505545,12.660254,-4.464426,1.000000;;
								}
								Frame FrontGarment02_r {
									FrameTransformMatrix {
										0.958427,0.188600,-0.214121,0.000000,
										-0.198327,0.979825,-0.024692,0.000000,
										0.205144,0.066132,0.976495,0.000000,
										-41.093552,-0.000013,0.000059,1.000000;;
									}
									Frame FrontGarment03_r {
										FrameTransformMatrix {
											0.999928,-0.009892,-0.006751,0.000000,
											0.009883,0.999950,-0.001354,0.000000,
											0.006764,0.001288,0.999976,0.000000,
											-41.610119,-0.000034,-0.000061,1.000000;;
										}
									}
								}
							}
							Frame RearGarment01_r {
								FrameTransformMatrix {
									-0.075312,0.251821,0.964839,0.000000,
									-0.309676,0.913838,-0.262682,0.000000,
									-0.947855,-0.318571,0.009160,0.000000,
									1.554375,-15.130346,-1.799159,1.000000;;
								}
								Frame RearGarment02_r {
									FrameTransformMatrix {
										0.946586,0.321574,-0.023780,0.000000,
										-0.321510,0.946883,0.006555,0.000000,
										0.024624,0.001440,0.999696,0.000000,
										-36.182835,-0.000128,0.000127,1.000000;;
									}
									Frame RearGarment03_r {
										FrameTransformMatrix {
											0.971170,0.225342,0.077776,0.000000,
											-0.224978,0.974270,-0.013528,0.000000,
											-0.078823,-0.004359,0.996879,0.000000,
											-40.224739,0.000081,0.000045,1.000000;;
										}
										Frame RearGarment04_r {
											FrameTransformMatrix {
												0.999847,0.015555,0.007965,0.000000,
												-0.015543,0.999878,-0.001513,0.000000,
												-0.007988,0.001389,0.999967,0.000000,
												-42.257042,-0.000060,-0.000074,1.000000;;
											}
										}
									}
								}
							}
							Frame ShoulderPad_r {
								FrameTransformMatrix {
									0.977044,0.000000,0.213040,0.000000,
									0.000000,1.000000,0.000000,0.000000,
									-0.213040,0.000000,0.977044,0.000000,
									-20.547213,-0.656356,0.793855,1.000000;;
								}
							}
						}
					}
				}
			}
		}
		Frame thigh_l {
			FrameTransformMatrix {
				0.738604,0.658663,-0.143621,0.000000,
				-0.669252,0.690808,-0.273653,0.000000,
				-0.081030,0.298240,0.951045,0.000000,
				-3.230826,0.808217,13.133170,1.000000;;
			}
			Frame calf_l {
				FrameTransformMatrix {
					0.734489,-0.672934,-0.087670,0.000000,
					0.676786,0.735859,0.021756,0.000000,
					0.049872,-0.075313,0.995912,0.000000,
					-27.418129,-0.542472,0.323017,1.000000;;
				}
				Frame foot_l {
					FrameTransformMatrix {
						0.970744,0.154403,0.183891,0.000000,
						-0.138818,0.985762,-0.094883,0.000000,
						-0.195923,0.066579,0.978356,0.000000,
						-34.662071,3.020201,1.231595,1.000000;;
					}
					Frame ball_l {
						FrameTransformMatrix {
							-0.008342,-0.999839,0.015913,0.000000,
							0.999939,-0.008226,0.007351,0.000000,
							-0.007219,0.015973,0.999846,0.000000,
							-6.847696,-16.243237,0.775744,1.000000;;
						}
					}
				}
			}
		}
		Frame thigh_r {
			FrameTransformMatrix {
				-0.964296,-0.157325,0.213032,0.000000,
				0.201177,-0.958307,0.202919,0.000000,
				0.172226,0.238531,0.955741,0.000000,
				-3.230861,0.808215,-13.133200,1.000000;;
			}
			Frame calf_r {
				FrameTransformMatrix {
					0.841322,-0.536584,-0.065233,0.000000,
					0.539000,0.841890,0.026480,0.000000,
					0.040710,-0.057438,0.997519,0.000000,
					27.418112,0.542467,-0.322981,1.000000;;
				}
				Frame foot_r {
					FrameTransformMatrix {
						0.866780,0.315703,0.386036,0.000000,
						-0.321451,0.945525,-0.051491,0.000000,
						-0.381262,-0.079460,0.921046,0.000000,
						34.662056,-3.020197,-1.231645,1.000000;;
					}
					Frame ball_r {
						FrameTransformMatrix {
							-0.699859,-0.714103,0.015913,0.000000,
							0.714256,-0.699845,0.007351,0.000000,
							0.005887,0.016510,0.999846,0.000000,
							6.847691,16.243235,-0.775746,1.000000;;
						}
					}
				}
			}
		}
		Frame Weapon {
			FrameTransformMatrix {
				0.977950,-0.195204,0.074226,0.000000,
				0.108392,0.778235,0.618548,0.000000,
				-0.178508,-0.596864,0.782233,0.000000,
				18.382740,-39.075974,-50.952694,1.000000;;
			}
		}
	}
}
Frame WizardBody {
	FrameTransformMatrix {
		0.010000,0.000000,0.000000,0.000000,
		0.000000,-0.000000,0.010000,0.000000,
		0.000000,-0.010000,-0.000000,0.000000,
		0.000000,0.000000,0.000000,1.000000;;
	}
}
AnimationSet Take_001 {
	Animation {
		{root}
		AnimationKey {
			4;
			31;
			0;16;
			0.010000,0.000000,0.000000,0.000000,
			0.000000,-0.000000,0.010000,0.000000,
			0.000000,-0.010000,-0.000000,0.000000,
			0.000000,0.000000,0.000000,1.000000;;,
			1;16;
			0.010000,0.000000,0.000000,0.000000,
			0.000000,-0.000000,0.010000,0.000000,
			0.000000,-0.010000,-0.000000,0.000000,
			0.000000,0.000000,0.000000,1.000000;;,
			2;16;
			0.010000,0.000000,0.000000,0.000000,
			0.000000,-0.000000,0.010000,0.000000,
			0.000000,-0.010000,-0.000000,0.000000,
			0.000000,0.000000,0.000000,1.000000;;,
			3;16;
			0.010000,0.000000,0.000000,0.000000,
			0.000000,-0.000000,0.010000,0.000000,
			0.000000,-0.010000,-0.000000,0.000000,
			0.000000,0.000000,0.000000,1.000000;;,
			4;16;
			0.010000,0.000000,0.000000,0.000000,
			0.000000,-0.000000,0.010000,0.000000,
			0.000000,-0.010000,-0.000000,0.000000,
			0.000000,0.000000,0.000000,1.000000;;,
			5;16;
			0.010000,0.000000,0.000000,0.000000,
			0.000000,-0.000000,0.010000,0.000000,
			0.000000,-0.010000,-0.000000,0.000000,
			0.000000,0.000000,0.000000,1.000000;;,
			6;16;
			0.010000,0.000000,0.000000,0.000000,
			0.000000,-0.000000,0.010000,0.000000,
			0.000000,-0.010000,-0.000000,0.000000,
			0.000000,0.000000,0.000000,1.000000;;,
			7;16;
			0.010000,0.000000,0.000000,0.000000,
			0.000000,-0.000000,0.010000,0.000000,
			0.000000,-0.010000,-0.000000,0.000000,
			0.000000,0.000000,0.000000,1.000000;;,
			8;16;
			0.010000,0.000000,0.000000,0.000000,
			0.000000,-0.000000,0.010000,0.000000,
			0.000000,-0.010000,-0.000000,0.000000,
			0.000000,0.000000,0.000000,1.000000;;,
			9;16;
			0.010000,0.000000,0.000000,0.000000,
			0.000000,-0.000000,0.010000,0.000000,
			0.000000,-0.010000,-0.000000,0.000000,
			0.000000,0.000000,0.000000,1.000000;;,
			10;16;
			0.010000,0.000000,0.000000,0.000000,
			0.000000,-0.000000,0.010000,0.000000,
			0.000000,-0.010000,-0.000000,0.000000,
			0.000000,0.000000,0.000000,1.000000;;,
			11;16;
			0.010000,0.000000,0.000000,0.000000,
			0.000000,-0.000000,0.010000,0.000000,
			0.000000,-0.010000,-0.000000,0.000000,
			0.000000,0.000000,0.000000,1.000000;;,
			12;16;
			0.010000,0.000000,0.000000,0.000000,
			0.000000,-0.000000,0.010000,0.000000,
			0.000000,-0.010000,-0.000000,0.000000,
			0.000000,0.000000,0.000000,1.000000;;,
			13;16;
			0.010000,0.000000,0.000000,0.000000,
			0.000000,-0.000000,0.010000,0.000000,
			0.000000,-0.010000,-0.000000,0.000000,
			0.000000,0.000000,0.000000,1.000000;;,
			14;16;
			0.010000,0.000000,0.000000,0.000000,
			0.000000,-0.000000,0.010000,0.000000,
			0.000000,-0.010000,-0.000000,0.000000,
			0.000000,0.000000,0.000000,1.000000;;,
			15;16;
			0.010000,0.000000,0.000000,0.000000,
			0.000000,-0.000000,0.010000,0.000000,
			0.000000,-0.010000,-0.000000,0.000000,
			0.000000,0.000000,0.000000,1.000000;;,
			16;16;
			0.010000,0.000000,0.000000,0.000000,
			0.000000,-0.000000,0.010000,0.000000,
			0.000000,-0.010000,-0.000000,0.000000,
			0.000000,0.000000,0.000000,1.000000;;,
			17;16;
			0.010000,0.000000,0.000000,0.000000,
			0.000000,-0.000000,0.010000,0.000000,
			0.000000,-0.010000,-0.000000,0.000000,
			0.000000,0.000000,0.000000,1.000000;;,
			18;16;
			0.010000,0.000000,0.000000,0.000000,
			0.000000,-0.000000,0.010000,0.000000,
			0.000000,-0.010000,-0.000000,0.000000,
			0.000000,0.000000,0.000000,1.000000;;,
			19;16;
			0.010000,0.000000,0.000000,0.000000,
			0.000000,-0.000000,0.010000,0.000000,
			0.000000,-0.010000,-0.000000,0.000000,
			0.000000,0.000000,0.000000,1.000000;;,
			20;16;
			0.010000,0.000000,0.000000,0.000000,
			0.000000,-0.000000,0.010000,0.000000,
			0.000000,-0.010000,-0.000000,0.000000,
			0.000000,0.000000,0.000000,1.000000;;,
			21;16;
			0.010000,0.000000,0.000000,0.000000,
			0.000000,-0.000000,0.010000,0.000000,
			0.000000,-0.010000,-0.000000,0.000000,
			0.000000,0.000000,0.000000,1.000000;;,
			22;16;
			0.010000,0.000000,0.000000,0.000000,
			0.000000,-0.000000,0.010000,0.000000,
			0.000000,-0.010000,-0.000000,0.000000,
			0.000000,0.000000,0.000000,1.000000;;,
			23;16;
			0.010000,0.000000,0.000000,0.000000,
			0.000000,-0.000000,0.010000,0.000000,
			0.000000,-0.010000,-0.000000,0.000000,
			0.000000,0.000000,0.000000,1.000000;;,
			24;16;
			0.010000,0.000000,0.000000,0.000000,
			0.000000,-0.000000,0.010000,0.000000,
			0.000000,-0.010000,-0.000000,0.000000,
			0.000000,0.000000,0.000000,1.000000;;,
			25;16;
			0.010000,0.000000,0.000000,0.000000,
			0.000000,-0.000000,0.010000,0.000000,
			0.000000,-0.010000,-0.000000,0.000000,
			0.000000,0.000000,0.000000,1.000000;;,
			26;16;
			0.010000,0.000000,0.000000,0.000000,
			0.000000,-0.000000,0.010000,0.000000,
			0.000000,-0.010000,-0.000000,0.000000,
			0.000000,0.000000,0.000000,1.000000;;,
			27;16;
			0.010000,0.000000,0.000000,0.000000,
			0.000000,-0.000000,0.010000,0.000000,
			0.000000,-0.010000,-0.000000,0.000000,
			0.000000,0.000000,0.000000,1.000000;;,
			28;16;
			0.010000,0.000000,0.000000,0.000000,
			0.000000,-0.000000,0.010000,0.000000,
			0.000000,-0.010000,-0.000000,0.000000,
			0.000000,0.000000,0.000000,1.000000;;,
			29;16;
			0.010000,0.000000,0.000000,0.000000,
			0.000000,-0.000000,0.010000,0.000000,
			0.000000,-0.010000,-0.000000,0.000000,
			0.000000,0.000000,0.000000,1.000000;;,
			30;16;
			0.010000,0.000000,0.000000,0.000000,
			0.000000,-0.000000,0.010000,0.000000,
			0.000000,-0.010000,-0.000000,0.000000,
			0.000000,0.000000,0.000000,1.000000;;;
		}
	}
	Animation {
		{pelvis}
		AnimationKey {
			4;
			31;
			0;16;
			-0.002972,-0.065817,-0.997827,0.000000,
			0.363915,0.929341,-0.062384,0.000000,
			0.931427,-0.363310,0.021190,0.000000,
			0.000000,0.281806,-69.629593,1.000000;;,
			1;16;
			-0.003356,-0.063617,-0.997969,0.000000,
			0.370603,0.926830,-0.060328,0.000000,
			0.928785,-0.370053,0.020467,0.000000,
			0.000000,0.550912,-69.596115,1.000000;;,
			2;16;
			-0.004506,-0.057779,-0.998319,0.000000,
			0.388694,0.919725,-0.054985,0.000000,
			0.921356,-0.388289,0.018314,0.000000,
			0.000000,1.281344,-69.503235,1.000000;;,
			3;16;
			-0.005657,-0.048971,-0.998784,0.000000,
			0.415028,0.908599,-0.046899,0.000000,
			0.909791,-0.414789,0.015185,0.000000,
			0.000000,2.357769,-69.362328,1.000000;;,
			4;16;
			-0.006615,-0.038339,-0.999243,0.000000,
			0.446688,0.893914,-0.037255,0.000000,
			0.894666,-0.446596,0.011212,0.000000,
			0.000000,3.664856,-69.184738,1.000000;;,
			5;16;
			-0.006807,-0.026553,-0.999624,0.000000,
			0.480492,0.876597,-0.026557,0.000000,
			0.876973,-0.480492,0.006792,0.000000,
			0.000000,5.087275,-68.981819,1.000000;;,
			6;16;
			-0.006328,-0.014859,-0.999870,0.000000,
			0.513681,0.857832,-0.015999,0.000000,
			0.857958,-0.513716,0.002205,0.000000,
			0.000000,6.509693,-68.764923,1.000000;;,
			7;16;
			-0.005369,-0.003931,-0.999978,0.000000,
			0.543628,0.839303,-0.006218,0.000000,
			0.839309,-0.543650,-0.002369,0.000000,
			0.000000,7.816781,-68.545418,1.000000;;,
			8;16;
			-0.004410,0.005177,-0.999977,0.000000,
			0.567701,0.823233,0.001758,0.000000,
			0.823223,-0.567680,-0.006570,0.000000,
			0.000000,8.893206,-68.334648,1.000000;;,
			9;16;
			-0.003931,0.011792,-0.999923,0.000000,
			0.583849,0.811830,0.007279,0.000000,
			0.811853,-0.583775,-0.010076,0.000000,
			0.000000,9.623637,-68.143974,1.000000;;,
			10;16;
			-0.004794,0.014956,-0.999877,0.000000,
			0.589747,0.807535,0.009251,0.000000,
			0.807574,-0.589630,-0.012691,0.000000,
			0.000000,9.892743,-67.984756,1.000000;;,
			11;16;
			-0.012655,0.006998,-0.999895,0.000000,
			0.556482,0.830859,-0.001228,0.000000,
			0.830763,-0.556439,-0.014409,0.000000,
			0.000000,8.423862,-67.841652,1.000000;;,
			12;16;
			-0.027033,-0.017537,-0.999481,0.000000,
			0.466230,0.884216,-0.028125,0.000000,
			0.884250,-0.466748,-0.015727,0.000000,
			0.000000,4.635694,-67.697403,1.000000;;,
			13;16;
			-0.037382,-0.055539,-0.997756,0.000000,
			0.334489,0.940165,-0.064866,0.000000,
			0.941658,-0.336163,-0.016568,0.000000,
			0.000000,-0.544047,-67.560455,1.000000;;,
			14;16;
			-0.036137,-0.099860,-0.994345,0.000000,
			0.183391,0.977435,-0.104826,0.000000,
			0.982376,-0.186142,-0.017008,0.000000,
			0.000000,-6.187644,-67.439240,1.000000;;,
			15;16;
			-0.023391,-0.140525,-0.989801,0.000000,
			0.041586,0.989078,-0.141405,0.000000,
			0.998861,-0.044469,-0.017292,0.000000,
			0.000000,-11.367384,-67.342201,1.000000;;,
			16;16;
			-0.007095,-0.168784,-0.985627,0.000000,
			-0.061989,0.983831,-0.168030,0.000000,
			0.998052,0.059906,-0.017443,0.000000,
			0.000000,-15.155555,-67.277794,1.000000;;,
			17;16;
			0.000863,-0.179174,-0.983817,0.000000,
			-0.101737,0.978697,-0.178331,0.000000,
			0.994811,0.100245,-0.017384,0.000000,
			0.000000,-16.624434,-67.254448,1.000000;;,
			18;16;
			-0.000192,-0.177193,-0.984176,0.000000,
			-0.093914,0.979830,-0.176392,0.000000,
			0.995580,0.092394,-0.016829,0.000000,
			0.000000,-16.339712,-67.294449,1.000000;;,
			19;16;
			-0.002684,-0.171622,-0.985159,0.000000,
			-0.071843,0.982650,-0.170989,0.000000,
			0.997412,0.070318,-0.014968,0.000000,
			0.000000,-15.547113,-67.405800,1.000000;;,
			20;16;
			-0.006040,-0.163113,-0.986589,0.000000,
			-0.038052,0.985930,-0.162771,0.000000,
			0.999258,0.036559,-0.012162,0.000000,
			0.000000,-14.338974,-67.575531,1.000000;;,
			21;16;
			-0.009587,-0.152221,-0.988300,0.000000,
			0.004793,0.988327,-0.152272,0.000000,
			0.999943,-0.006197,-0.008746,0.000000,
			0.000000,-12.807641,-67.790665,1.000000;;,
			22;16;
			-0.012367,-0.139793,-0.990103,0.000000,
			0.054138,0.988633,-0.140262,0.000000,
			0.998457,-0.055337,-0.004659,0.000000,
			0.000000,-11.045450,-68.038231,1.000000;;,
			23;16;
			-0.014093,-0.126489,-0.991868,0.000000,
			0.107352,0.986041,-0.127271,0.000000,
			0.994121,-0.108273,-0.000317,0.000000,
			0.000000,-9.144751,-68.305260,1.000000;;,
			24;16;
			-0.014476,-0.113068,-0.993482,0.000000,
			0.161586,0.980262,-0.113918,0.000000,
			0.986753,-0.162182,0.004080,0.000000,
			0.000000,-7.197876,-68.578773,1.000000;;,
			25;16;
			-0.013422,-0.100298,-0.994867,0.000000,
			0.214121,0.971588,-0.100840,0.000000,
			0.976715,-0.214376,0.008435,0.000000,
			0.000000,-5.297177,-68.845802,1.000000;;,
			26;16;
			-0.011217,-0.088848,-0.995982,0.000000,
			0.262166,0.960940,-0.088674,0.000000,
			0.964958,-0.262107,0.012514,0.000000,
			0.000000,-3.534986,-69.093376,1.000000;;,
			27;16;
			-0.008533,-0.079297,-0.996814,0.000000,
			0.303457,0.949636,-0.078142,0.000000,
			0.952807,-0.303157,0.015960,0.000000,
			0.000000,-2.003654,-69.308510,1.000000;;,
			28;16;
			-0.005752,-0.072033,-0.997386,0.000000,
			0.335620,0.939409,-0.069782,0.000000,
			0.941980,-0.335144,0.018772,0.000000,
			0.000000,-0.795514,-69.478241,1.000000;;,
			29;16;
			-0.003739,-0.067443,-0.997716,0.000000,
			0.356491,0.932081,-0.064342,0.000000,
			0.934291,-0.355917,0.020558,0.000000,
			0.000000,-0.002915,-69.589592,1.000000;;,
			30;16;
			-0.002972,-0.065817,-0.997827,0.000000,
			0.363915,0.929341,-0.062384,0.000000,
			0.931427,-0.363310,0.021190,0.000000,
			0.000000,0.281806,-69.629593,1.000000;;;
		}
	}
	Animation {
		{spine_01}
		AnimationKey {
			4;
			31;
			0;16;
			0.988684,-0.149080,0.016681,0.000000,
			0.149764,0.987306,-0.052890,0.000000,
			-0.008585,0.054790,0.998461,0.000000,
			11.897056,-2.768344,-0.000000,1.000000;;,
			1;16;
			0.989140,-0.146047,0.016490,0.000000,
			0.146726,0.987757,-0.052986,0.000000,
			-0.008549,0.054830,0.998459,0.000000,
			11.897056,-2.768344,-0.000000,1.000000;;,
			2;16;
			0.990345,-0.137697,0.016010,0.000000,
			0.138362,0.988958,-0.053082,0.000000,
			-0.008524,0.054785,0.998462,0.000000,
			11.897056,-2.768344,-0.000000,1.000000;;,
			3;16;
			0.991995,-0.125345,0.015339,0.000000,
			0.125992,0.990600,-0.053274,0.000000,
			-0.008517,0.054780,0.998462,0.000000,
			11.897056,-2.768344,-0.000000,1.000000;;,
			4;16;
			0.993833,-0.109924,0.014572,0.000000,
			0.110554,0.992426,-0.053562,0.000000,
			-0.008574,0.054843,0.998458,0.000000,
			11.897056,-2.768344,-0.000000,1.000000;;,
			5;16;
			0.995595,-0.092759,0.013614,0.000000,
			0.093362,0.994180,-0.053754,0.000000,
			-0.008548,0.054788,0.998461,0.000000,
			11.897056,-2.768344,-0.000000,1.000000;;,
			6;16;
			0.997104,-0.074992,0.012655,0.000000,
			0.075571,0.995675,-0.054042,0.000000,
			-0.008547,0.054842,0.998459,0.000000,
			11.897056,-2.768344,-0.000000,1.000000;;,
			7;16;
			0.998261,-0.057775,0.011696,0.000000,
			0.058328,0.996823,-0.054234,0.000000,
			-0.008526,0.054822,0.998460,0.000000,
			11.897056,-2.768344,-0.000000,1.000000;;,
			8;16;
			0.999048,-0.042265,0.010833,0.000000,
			0.042794,0.997600,-0.054426,0.000000,
			-0.008507,0.054838,0.998459,0.000000,
			11.897056,-2.768344,-0.000000,1.000000;;,
			9;16;
			0.999504,-0.029811,0.010162,0.000000,
			0.030322,0.998052,-0.054522,0.000000,
			-0.008517,0.054803,0.998461,0.000000,
			11.897056,-2.768344,-0.000000,1.000000;;,
			10;16;
			0.999725,-0.021377,0.009683,0.000000,
			0.021875,0.998268,-0.054618,0.000000,
			-0.008498,0.054815,0.998460,0.000000,
			11.897056,-2.768344,-0.000000,1.000000;;,
			11;16;
			0.999785,-0.018406,0.009587,0.000000,
			0.018903,0.998328,-0.054618,0.000000,
			-0.008566,0.054787,0.998461,0.000000,
			11.897056,-2.768344,-0.000000,1.000000;;,
			12;16;
			0.999529,-0.028948,0.010162,0.000000,
			0.029460,0.998078,-0.054522,0.000000,
			-0.008565,0.054796,0.998461,0.000000,
			11.897056,-2.768344,-0.000000,1.000000;;,
			13;16;
			0.998355,-0.056148,0.011600,0.000000,
			0.056698,0.996917,-0.054234,0.000000,
			-0.008519,0.054803,0.998461,0.000000,
			11.897056,-2.768344,-0.000000,1.000000;;,
			14;16;
			0.995542,-0.093332,0.013614,0.000000,
			0.093934,0.994126,-0.053754,0.000000,
			-0.008517,0.054793,0.998461,0.000000,
			11.897056,-2.768344,-0.000000,1.000000;;,
			15;16;
			0.990894,-0.133708,0.015818,0.000000,
			0.134369,0.989503,-0.053178,0.000000,
			-0.008542,0.054819,0.998460,0.000000,
			11.897056,-2.768344,-0.000000,1.000000;;,
			16;16;
			0.985186,-0.170557,0.017832,0.000000,
			0.171272,0.983818,-0.052602,0.000000,
			-0.008571,0.054877,0.998456,0.000000,
			11.897056,-2.768344,-0.000000,1.000000;;,
			17;16;
			0.980154,-0.197310,0.019173,0.000000,
			0.198057,0.978809,-0.052026,0.000000,
			-0.008502,0.054791,0.998462,0.000000,
			11.897056,-2.768344,-0.000000,1.000000;;,
			18;16;
			0.977987,-0.207727,0.019749,0.000000,
			0.208490,0.976650,-0.051834,0.000000,
			-0.008520,0.054811,0.998460,0.000000,
			11.897056,-2.768344,-0.000000,1.000000;;,
			19;16;
			0.978246,-0.206508,0.019749,0.000000,
			0.207272,0.976909,-0.051834,0.000000,
			-0.008588,0.054800,0.998460,0.000000,
			11.897056,-2.768344,-0.000000,1.000000;;,
			20;16;
			0.978917,-0.203319,0.019557,0.000000,
			0.204078,0.977576,-0.051930,0.000000,
			-0.008560,0.054827,0.998459,0.000000,
			11.897056,-2.768344,-0.000000,1.000000;;,
			21;16;
			0.979905,-0.198531,0.019269,0.000000,
			0.199282,0.978560,-0.052026,0.000000,
			-0.008527,0.054821,0.998460,0.000000,
			11.897056,-2.768344,-0.000000,1.000000;;,
			22;16;
			0.981110,-0.192516,0.018982,0.000000,
			0.193260,0.979762,-0.052122,0.000000,
			-0.008563,0.054806,0.998460,0.000000,
			11.897056,-2.768344,-0.000000,1.000000;;,
			23;16;
			0.982423,-0.185740,0.018598,0.000000,
			0.186474,0.981066,-0.052314,0.000000,
			-0.008529,0.054863,0.998457,0.000000,
			11.897056,-2.768344,-0.000000,1.000000;;,
			24;16;
			0.983774,-0.178484,0.018215,0.000000,
			0.179208,0.982414,-0.052410,0.000000,
			-0.008540,0.054824,0.998460,0.000000,
			11.897056,-2.768344,-0.000000,1.000000;;,
			25;16;
			0.985072,-0.171218,0.017832,0.000000,
			0.171931,0.983709,-0.052506,0.000000,
			-0.008551,0.054788,0.998461,0.000000,
			11.897056,-2.768344,-0.000000,1.000000;;,
			26;16;
			0.986253,-0.164320,0.017448,0.000000,
			0.165024,0.984881,-0.052698,0.000000,
			-0.008525,0.054853,0.998458,0.000000,
			11.897056,-2.768344,-0.000000,1.000000;;,
			27;16;
			0.987247,-0.158266,0.017160,0.000000,
			0.158963,0.985872,-0.052794,0.000000,
			-0.008562,0.054848,0.998458,0.000000,
			11.897056,-2.768344,-0.000000,1.000000;;,
			28;16;
			0.988014,-0.153438,0.016873,0.000000,
			0.154127,0.986634,-0.052890,0.000000,
			-0.008532,0.054856,0.998458,0.000000,
			11.897056,-2.768344,-0.000000,1.000000;;,
			29;16;
			0.988512,-0.150217,0.016681,0.000000,
			0.150900,0.987133,-0.052890,0.000000,
			-0.008522,0.054800,0.998461,0.000000,
			11.897056,-2.768344,-0.000000,1.000000;;,
			30;16;
			0.988684,-0.149080,0.016681,0.000000,
			0.149764,0.987306,-0.052890,0.000000,
			-0.008585,0.054790,0.998461,0.000000,
			11.897056,-2.768344,-0.000000,1.000000;;;
		}
	}
	Animation {
		{spine_02}
		AnimationKey {
			4;
			31;
			0;16;
			0.969220,0.245940,-0.011217,0.000000,
			-0.246097,0.966544,-0.072317,0.000000,
			-0.006944,0.072851,0.997319,0.000000,
			14.500739,1.261342,-0.000000,1.000000;;,
			1;16;
			0.968753,0.247700,-0.012751,0.000000,
			-0.247966,0.966073,-0.072220,0.000000,
			-0.005571,0.073125,0.997307,0.000000,
			14.500739,1.261342,-0.000000,1.000000;;,
			2;16;
			0.967421,0.252604,-0.016969,0.000000,
			-0.253167,0.964745,-0.071929,0.000000,
			-0.001799,0.073881,0.997265,0.000000,
			14.500739,1.261342,-0.000000,1.000000;;,
			3;16;
			0.965307,0.260076,-0.023295,0.000000,
			-0.261088,0.962668,-0.071441,0.000000,
			0.003845,0.075045,0.997173,0.000000,
			14.500739,1.261342,-0.000000,1.000000;;,
			4;16;
			0.962509,0.269444,-0.031250,0.000000,
			-0.271029,0.959974,-0.070661,0.000000,
			0.010960,0.076482,0.997011,0.000000,
			14.500739,1.261342,-0.000000,1.000000;;,
			5;16;
			0.959170,0.279950,-0.040256,0.000000,
			-0.282188,0.956832,-0.069587,0.000000,
			0.019037,0.078106,0.996763,0.000000,
			14.500739,1.261342,-0.000000,1.000000;;,
			6;16;
			0.955417,0.291023,-0.049834,0.000000,
			-0.293964,0.953372,-0.068315,0.000000,
			0.027629,0.079919,0.996418,0.000000,
			14.500739,1.261342,-0.000000,1.000000;;,
			7;16;
			0.951454,0.302022,-0.059311,0.000000,
			-0.305657,0.949799,-0.066752,0.000000,
			0.036173,0.081640,0.996005,0.000000,
			14.500739,1.261342,-0.000000,1.000000;;,
			8;16;
			0.947520,0.312313,-0.068305,0.000000,
			-0.316618,0.946304,-0.065282,0.000000,
			0.044249,0.083482,0.995526,0.000000,
			14.500739,1.261342,-0.000000,1.000000;;,
			9;16;
			0.943883,0.321381,-0.076146,0.000000,
			-0.326269,0.943120,-0.063814,0.000000,
			0.051306,0.085077,0.995053,0.000000,
			14.500739,1.261342,-0.000000,1.000000;;,
			10;16;
			0.940885,0.328536,-0.082454,0.000000,
			-0.333899,0.940525,-0.062638,0.000000,
			0.056971,0.086466,0.994624,0.000000,
			14.500739,1.261342,-0.000000,1.000000;;,
			11;16;
			0.938836,0.333283,-0.086657,0.000000,
			-0.338972,0.938754,-0.061948,0.000000,
			0.060703,0.087533,0.994310,0.000000,
			14.500739,1.261342,-0.000000,1.000000;;,
			12;16;
			0.938101,0.334948,-0.088185,0.000000,
			-0.340777,0.938095,-0.062035,0.000000,
			0.061948,0.088246,0.994171,0.000000,
			14.500739,1.261342,-0.000000,1.000000;;,
			13;16;
			0.941666,0.326885,-0.080065,0.000000,
			-0.332169,0.940982,-0.064939,0.000000,
			0.054112,0.087746,0.994672,0.000000,
			14.500739,1.261342,-0.000000,1.000000;;,
			14;16;
			0.950175,0.306134,-0.058737,0.000000,
			-0.309862,0.948130,-0.070956,0.000000,
			0.033968,0.085620,0.995749,0.000000,
			14.500739,1.261342,-0.000000,1.000000;;,
			15;16;
			0.960292,0.277482,-0.029046,0.000000,
			-0.278926,0.957184,-0.077451,0.000000,
			0.006311,0.082477,0.996573,0.000000,
			14.500739,1.261342,-0.000000,1.000000;;,
			16;16;
			0.969322,0.245768,0.003643,0.000000,
			-0.244643,0.966109,-0.082357,0.000000,
			-0.023760,0.078939,0.996596,0.000000,
			14.500739,1.261342,-0.000000,1.000000;;,
			17;16;
			0.975707,0.216451,0.033837,0.000000,
			-0.212992,0.973368,-0.084793,0.000000,
			-0.051289,0.075527,0.995824,0.000000,
			14.500739,1.261342,-0.000000,1.000000;;,
			18;16;
			0.979267,0.194691,0.055961,0.000000,
			-0.189582,0.978138,-0.085472,0.000000,
			-0.071378,0.073091,0.994768,0.000000,
			14.500739,1.261342,-0.000000,1.000000;;,
			19;16;
			0.980382,0.186231,0.064574,0.000000,
			-0.180505,0.979857,-0.085427,0.000000,
			-0.079182,0.072095,0.994250,0.000000,
			14.500739,1.261342,-0.000000,1.000000;;,
			20;16;
			0.980221,0.187661,0.062852,0.000000,
			-0.182081,0.979590,-0.085151,0.000000,
			-0.077548,0.072022,0.994384,0.000000,
			14.500739,1.261342,-0.000000,1.000000;;,
			21;16;
			0.979784,0.191476,0.057971,0.000000,
			-0.186287,0.978846,-0.084604,0.000000,
			-0.072944,0.072094,0.994727,0.000000,
			14.500739,1.261342,-0.000000,1.000000;;,
			22;16;
			0.979054,0.197187,0.050695,0.000000,
			-0.192582,0.977706,-0.083683,0.000000,
			-0.066066,0.072167,0.995202,0.000000,
			14.500739,1.261342,-0.000000,1.000000;;,
			23;16;
			0.978038,0.204213,0.041693,0.000000,
			-0.200324,0.976252,-0.082477,0.000000,
			-0.057546,0.072314,0.995720,0.000000,
			14.500739,1.261342,-0.000000,1.000000;;,
			24;16;
			0.976743,0.212068,0.031633,0.000000,
			-0.208972,0.974563,-0.080979,0.000000,
			-0.048001,0.072486,0.996214,0.000000,
			14.500739,1.261342,-0.000000,1.000000;;,
			25;16;
			0.975226,0.220173,0.021378,0.000000,
			-0.217880,0.972758,-0.079186,0.000000,
			-0.038230,0.072567,0.996631,0.000000,
			14.500739,1.261342,-0.000000,1.000000;;,
			26;16;
			0.973581,0.228057,0.011408,0.000000,
			-0.226531,0.970933,-0.077288,0.000000,
			-0.028703,0.072662,0.996944,0.000000,
			14.500739,1.261342,-0.000000,1.000000;;,
			27;16;
			0.971976,0.235067,0.002493,0.000000,
			-0.234214,0.969251,-0.075476,0.000000,
			-0.020158,0.072777,0.997144,0.000000,
			14.500739,1.261342,-0.000000,1.000000;;,
			28;16;
			0.970577,0.240745,-0.004698,0.000000,
			-0.240427,0.967854,-0.073851,0.000000,
			-0.013232,0.072807,0.997258,0.000000,
			14.500739,1.261342,-0.000000,1.000000;;,
			29;16;
			0.969590,0.244550,-0.009491,0.000000,
			-0.244583,0.966899,-0.072701,0.000000,
			-0.008602,0.072811,0.997309,0.000000,
			14.500739,1.261342,-0.000000,1.000000;;,
			30;16;
