xof 0303txt 0032
Frame root {
	FrameTransformMatrix {
		0.010000,0.000000,0.000000,0.000000,
		0.000000,-0.000000,0.010000,0.000000,
		0.000000,-0.010000,-0.000000,0.000000,
		0.000000,0.000000,0.000000,1.000000;;
	}
	Frame pelvis {
		FrameTransformMatrix {
			-0.079542,0.347363,-0.934351,0.000000,
			-0.200487,0.912593,0.356342,0.000000,
			0.976462,0.215669,-0.002948,0.000000,
			0.000000,6.401546,-67.701630,1.000000;;
		}
		Frame spine_01 {
			FrameTransformMatrix {
				0.995057,0.098802,0.010012,0.000000,
				-0.098116,0.993677,-0.054579,0.000000,
				-0.015341,0.053327,0.998459,0.000000,
				11.897056,-2.768344,-0.000000,1.000000;;
			}
			Frame spine_02 {
				FrameTransformMatrix {
					0.961474,0.267203,0.064572,0.000000,
					-0.269506,0.962534,0.029907,0.000000,
					-0.054162,-0.046157,0.997465,0.000000,
					14.500739,1.261342,-0.000000,1.000000;;
				}
				Frame spine_03 {
					FrameTransformMatrix {
						0.996790,0.080065,-0.000000,0.000000,
						-0.080065,0.996790,-0.000000,0.000000,
						0.000000,0.000000,1.000000,0.000000,
						12.496109,0.321524,-0.000000,1.000000;;
					}
					Frame neck_01 {
						FrameTransformMatrix {
							0.987930,-0.149050,0.042160,0.000000,
							0.153056,0.981183,-0.117705,0.000000,
							-0.023823,0.122737,0.992153,0.000000,
							21.878693,0.005165,-0.000000,1.000000;;
						}
						Frame head {
							FrameTransformMatrix {
								0.981679,0.190542,-0.000000,0.000000,
								-0.190542,0.981679,0.000000,0.000000,
								0.000000,0.000000,1.000000,0.000000,
								25.710386,0.140607,-0.000000,1.000000;;
							}
							Frame Hair01_l {
								FrameTransformMatrix {
									-0.936983,-0.334879,0.099591,0.000000,
									-0.330672,0.942047,0.056605,0.000000,
									-0.112776,0.020106,-0.993417,0.000000,
									-2.802900,-2.445666,17.216135,1.000000;;
								}
								Frame Hair02_l {
									FrameTransformMatrix {
										0.836616,-0.546939,0.030530,0.000000,
										0.547576,0.836547,-0.018701,0.000000,
										-0.015312,0.032363,0.999359,0.000000,
										17.107462,0.000000,0.000000,1.000000;;
									}
									Frame Hair03_l {
										FrameTransformMatrix {
											-0.000485,0.184884,-0.982760,0.000000,
											-0.793430,0.598098,0.112910,0.000000,
											0.608662,0.779806,0.146402,0.000000,
											17.868711,0.000000,-0.000000,1.000000;;
										}
									}
								}
							}
							Frame Hair01_r {
								FrameTransformMatrix {
									0.918575,0.338198,0.204553,0.000000,
									0.320259,-0.940169,0.116262,0.000000,
									0.231634,-0.041285,-0.971927,0.000000,
									-2.802879,-2.445665,-17.216101,1.000000;;
								}
								Frame Hair02_r {
									FrameTransformMatrix {
										0.837077,-0.546980,0.010688,0.000000,
										0.547052,0.836658,-0.027157,0.000000,
										0.005912,0.028580,0.999574,0.000000,
										-17.107590,-0.000088,0.000030,1.000000;;
									}
									Frame Hair03_r {
										FrameTransformMatrix {
											-0.000485,0.184884,-0.982760,0.000000,
											-0.793430,0.598098,0.112910,0.000000,
											0.608662,0.779806,0.146402,0.000000,
											-17.868824,-0.000087,-0.000017,1.000000;;
										}
									}
								}
							}
						}
					}
					Frame clavicle_l {
						FrameTransformMatrix {
							-0.132891,0.446703,0.884758,0.000000,
							0.261614,0.876826,-0.403403,0.000000,
							-0.955980,0.177857,-0.233386,0.000000,
							8.485651,-3.456696,9.015220,1.000000;;
						}
						Frame upperarm_l {
							FrameTransformMatrix {
								0.682452,-0.715649,0.148680,0.000000,
								0.710829,0.602432,-0.363040,0.000000,
								0.170240,0.353443,0.919835,0.000000,
								12.778380,-0.000000,-0.000000,1.000000;;
							}
							Frame lowerarm_l {
								FrameTransformMatrix {
									0.596071,-0.802932,0.000039,0.000000,
									0.802932,0.596071,-0.000001,0.000000,
									-0.000022,0.000032,1.000000,0.000000,
									35.128559,1.515315,-0.004476,1.000000;;
								}
								Frame hand_l {
									FrameTransformMatrix {
										0.993800,0.058514,-0.094543,0.000000,
										0.097015,-0.871754,0.480242,0.000000,
										-0.054318,-0.486437,-0.872026,0.000000,
										23.148167,-0.587805,0.000000,1.000000;;
									}
									Frame thumb_01_l {
										FrameTransformMatrix {
											0.490534,0.434275,0.755501,0.000000,
											0.783395,0.159954,-0.600589,0.000000,
											-0.381666,0.886465,-0.261746,0.000000,
											7.761036,2.573662,8.277136,1.000000;;
										}
										Frame thumb_02_l {
											FrameTransformMatrix {
												0.741114,0.652726,0.157156,0.000000,
												-0.654811,0.754424,-0.045449,0.000000,
												-0.148228,-0.069225,0.986527,0.000000,
												9.421203,-0.593851,-0.083314,1.000000;;
											}
											Frame thumb_03_l {
												FrameTransformMatrix {
													0.996908,0.056475,0.054638,0.000000,
													-0.056363,0.998404,-0.003600,0.000000,
													-0.054754,0.000509,0.998500,0.000000,
													8.910820,-0.377085,-0.058631,1.000000;;
												}
											}
										}
									}
									Frame index_01_l {
										FrameTransformMatrix {
											0.805119,0.592768,0.020244,0.000000,
											-0.582749,0.796942,-0.159017,0.000000,
											-0.110394,0.116230,0.987068,0.000000,
											16.470049,-1.438421,6.613763,1.000000;;
										}
										Frame index_02_l {
											FrameTransformMatrix {
												0.713729,0.700379,0.007690,0.000000,
												-0.700381,0.713763,-0.002970,0.000000,
												-0.007569,-0.003266,0.999966,0.000000,
												9.508547,-0.644083,0.623717,1.000000;;
											}
											Frame index_03_l {
												FrameTransformMatrix {
													0.999086,0.000000,0.042746,0.000000,
													0.001634,0.999269,-0.038183,0.000000,
													-0.042715,0.038218,0.998356,0.000000,
													6.657951,-1.016678,0.346394,1.000000;;
												}
											}
										}
									}
									Frame ring_01_l {
										FrameTransformMatrix {
											0.785601,0.618687,-0.007590,0.000000,
											-0.618662,0.785637,0.005596,0.000000,
											0.009425,0.000299,0.999956,0.000000,
											17.496222,-2.933048,-3.587839,1.000000;;
										}
										Frame ring_02_l {
											FrameTransformMatrix {
												0.755374,0.654729,-0.027199,0.000000,
												-0.655294,0.754762,-0.030417,0.000000,
												0.000614,0.040800,0.999167,0.000000,
												8.391934,-0.606711,-0.010261,1.000000;;
											}
											Frame ring_03_l {
												FrameTransformMatrix {
													0.999811,0.000000,0.019435,0.000000,
													0.000000,1.000000,0.000000,0.000000,
													-0.019435,0.000000,0.999811,0.000000,
													7.046853,-1.159921,0.318573,1.000000;;
												}
											}
										}
									}
								}
							}
						}
						Frame Shoulder_l {
							FrameTransformMatrix {
								0.819207,-0.373515,-0.435185,0.000000,
								0.414860,0.909885,0.000000,0.000000,
								0.395968,-0.180541,0.900341,0.000000,
								10.304173,0.218627,-8.783108,1.000000;;
							}
							Frame FrontGarment01_l {
								FrameTransformMatrix {
									-0.173313,-0.148487,0.973609,0.000000,
									0.343653,0.917317,0.201076,0.000000,
									-0.922965,0.369433,-0.107955,0.000000,
									6.505432,-12.660301,4.465258,1.000000;;
								}
								Frame FrontGarment02_l {
									FrameTransformMatrix {
										0.911159,-0.350047,-0.217384,0.000000,
										0.353389,0.935152,-0.024627,0.000000,
										0.211908,-0.054382,0.975775,0.000000,
										41.093178,0.000000,0.000000,1.000000;;
									}
									Frame FrontGarment03_l {
										FrameTransformMatrix {
											0.999928,-0.009892,-0.006751,0.000000,
											0.009883,0.999950,-0.001354,0.000000,
											0.006764,0.001288,0.999976,0.000000,
											41.610046,-0.000000,0.000000,1.000000;;
										}
									}
								}
							}
							Frame RearGarment01_l {
								FrameTransformMatrix {
									-0.044368,0.259070,0.964839,0.000000,
									-0.197117,0.944533,-0.262682,0.000000,
									-0.979375,-0.201841,0.009160,0.000000,
									-1.554315,15.130317,1.799134,1.000000;;
								}
								Frame RearGarment02_l {
									FrameTransformMatrix {
										0.978478,0.204975,-0.023780,0.000000,
										-0.204876,0.978766,0.006555,0.000000,
										0.024618,-0.001542,0.999696,0.000000,
										36.183285,-0.000000,0.000000,1.000000;;
									}
									Frame RearGarment03_l {
										FrameTransformMatrix {
											0.991268,0.106480,0.077776,0.000000,
											-0.105744,0.994301,-0.013528,0.000000,
											-0.078773,0.005186,0.996879,0.000000,
											40.224743,0.000000,-0.000000,1.000000;;
										}
										Frame RearGarment04_l {
											FrameTransformMatrix {
												0.999847,0.015555,0.007965,0.000000,
												-0.015543,0.999878,-0.001513,0.000000,
												-0.007988,0.001389,0.999967,0.000000,
												42.256981,0.000000,0.000000,1.000000;;
											}
										}
									}
								}
							}
							Frame ShoulderPad_l {
								FrameTransformMatrix {
									0.953726,-0.033264,0.298833,0.000000,
									0.004715,0.995394,0.095751,0.000000,
									-0.300642,-0.089911,0.949490,0.000000,
									20.337864,1.300859,1.254700,1.000000;;
								}
							}
						}
					}
					Frame clavicle_r {
						FrameTransformMatrix {
							0.132891,-0.446703,0.884758,0.000000,
							-0.261615,-0.876826,-0.403403,0.000000,
							0.955980,-0.177857,-0.233386,0.000000,
							8.485809,-3.456726,-9.015220,1.000000;;
						}
						Frame upperarm_r {
							FrameTransformMatrix {
								0.542106,-0.835976,0.085237,0.000000,
								0.754404,0.528855,0.388828,0.000000,
								-0.370129,-0.146482,0.917359,0.000000,
								-12.778482,0.000044,-0.000437,1.000000;;
							}
							Frame lowerarm_r {
								FrameTransformMatrix {
									0.997938,-0.064191,0.000004,0.000000,
									0.064191,0.997938,-0.000001,0.000000,
									-0.000003,0.000001,1.000000,0.000000,
									-35.128563,-1.515309,0.004754,1.000000;;
								}
								Frame hand_r {
									FrameTransformMatrix {
										0.741927,0.316974,0.590823,0.000000,
										-0.068160,-0.840971,0.536770,0.000000,
										0.667007,-0.438514,-0.602334,0.000000,
										-23.148169,0.587807,0.000246,1.000000;;
									}
									Frame thumb_01_r {
										FrameTransformMatrix {
											-0.132956,0.379465,0.915603,0.000000,
											0.974792,0.217071,0.051587,0.000000,
											-0.179176,0.899381,-0.398761,0.000000,
											-7.761057,-2.573982,-8.277136,1.000000;;
										}
										Frame thumb_02_r {
											FrameTransformMatrix {
												0.031839,0.947397,0.318475,0.000000,
												-0.998292,0.045760,-0.036323,0.000000,
												-0.048985,-0.316774,0.947235,0.000000,
												-9.421142,0.593876,0.083643,1.000000;;
											}
											Frame thumb_03_r {
												FrameTransformMatrix {
													0.996908,0.056475,0.054638,0.000000,
													-0.056363,0.998404,-0.003600,0.000000,
													-0.054754,0.000509,0.998500,0.000000,
													-8.910397,0.377178,0.058603,1.000000;;
												}
											}
										}
									}
									Frame index_01_r {
										FrameTransformMatrix {
											0.224827,0.974188,0.020244,0.000000,
											-0.961260,0.225148,-0.159017,0.000000,
											-0.159470,0.016291,0.987068,0.000000,
											-16.470009,1.438024,-6.613760,1.000000;;
										}
										Frame index_02_r {
											FrameTransformMatrix {
												-0.211962,0.977248,0.007690,0.000000,
												-0.977277,-0.211945,-0.002970,0.000000,
												-0.001273,-0.008144,0.999966,0.000000,
												-9.508614,0.643767,-0.623766,1.000000;;
											}
											Frame index_03_r {
												FrameTransformMatrix {
													0.999086,-0.000000,0.042746,0.000000,
													0.001634,0.999269,-0.038183,0.000000,
													-0.042715,0.038218,0.998356,0.000000,
													-6.657835,1.017637,-0.346229,1.000000;;
												}
											}
										}
									}
									Frame ring_01_r {
										FrameTransformMatrix {
											0.172474,0.984985,-0.007590,0.000000,
											-0.984990,0.172518,0.005596,0.000000,
											0.006822,0.006511,0.999956,0.000000,
											-17.496218,2.933113,3.587840,1.000000;;
										}
										Frame ring_02_r {
											FrameTransformMatrix {
												-0.082666,0.996206,-0.027199,0.000000,
												-0.996045,-0.083483,-0.030417,0.000000,
												-0.032572,0.024577,0.999167,0.000000,
												-8.392414,0.606222,0.010262,1.000000;;
											}
											Frame ring_03_r {
												FrameTransformMatrix {
													0.999811,0.000000,0.019435,0.000000,
													0.000000,1.000000,0.000000,0.000000,
													-0.019435,0.000000,0.999811,0.000000,
													-7.046180,1.160231,-0.318541,1.000000;;
												}
											}
										}
									}
								}
							}
						}
						Frame Shoulder_r {
							FrameTransformMatrix {
								0.819207,-0.373515,-0.435185,0.000000,
								0.414860,0.909885,0.000000,0.000000,
								0.395968,-0.180541,0.900341,0.000000,
								-10.304314,-0.218563,8.782545,1.000000;;
							}
							Frame FrontGarment01_r {
								FrameTransformMatrix {
									-0.253561,-0.114578,0.960510,0.000000,
									0.335267,0.921002,0.198371,0.000000,
									-0.907360,0.372326,-0.195116,0.000000,
									-6.505545,12.660254,-4.464426,1.000000;;
								}
								Frame FrontGarment02_r {
									FrameTransformMatrix {
										0.922303,-0.363746,-0.130559,0.000000,
										0.363543,0.931208,-0.026243,0.000000,
										0.131123,-0.023260,0.991093,0.000000,
										-41.093552,-0.000013,0.000059,1.000000;;
									}
									Frame FrontGarment03_r {
										FrameTransformMatrix {
											0.999928,-0.009892,-0.006751,0.000000,
											0.009883,0.999950,-0.001354,0.000000,
											0.006764,0.001288,0.999976,0.000000,
											-41.610119,-0.000034,-0.000061,1.000000;;
										}
									}
								}
							}
							Frame RearGarment01_r {
								FrameTransformMatrix {
									-0.035585,0.260422,0.964839,0.000000,
									-0.165073,0.950657,-0.262682,0.000000,
									-0.985639,-0.168617,0.009160,0.000000,
									1.554375,-15.130346,-1.799159,1.000000;;
								}
								Frame RearGarment02_r {
									FrameTransformMatrix {
										0.984848,0.171779,-0.023780,0.000000,
										-0.171671,0.985133,0.006555,0.000000,
										0.024552,-0.002374,0.999696,0.000000,
										-36.182835,-0.000128,0.000127,1.000000;;
									}
									Frame RearGarment03_r {
										FrameTransformMatrix {
											0.994301,0.072908,0.077776,0.000000,
											-0.072070,0.997308,-0.013528,0.000000,
											-0.078553,0.007846,0.996879,0.000000,
											-40.224739,0.000081,0.000045,1.000000;;
										}
										Frame RearGarment04_r {
											FrameTransformMatrix {
												0.999847,0.015555,0.007965,0.000000,
												-0.015543,0.999878,-0.001513,0.000000,
												-0.007988,0.001389,0.999967,0.000000,
												-42.257042,-0.000060,-0.000074,1.000000;;
											}
										}
									}
								}
							}
							Frame ShoulderPad_r {
								FrameTransformMatrix {
									0.931871,-0.000000,0.362790,0.000000,
									0.000000,1.000000,0.000000,0.000000,
									-0.362790,-0.000000,0.931871,0.000000,
									-20.547197,-0.656356,0.793859,1.000000;;
								}
							}
						}
					}
				}
			}
		}
		Frame thigh_l {
			FrameTransformMatrix {
				0.915143,0.274732,-0.295017,0.000000,
				-0.393495,0.767797,-0.505617,0.000000,
				0.087604,0.578800,0.810750,0.000000,
				-3.230826,0.808217,13.133170,1.000000;;
			}
			Frame calf_l {
				FrameTransformMatrix {
					0.923961,-0.380143,-0.042288,0.000000,
					0.381522,0.923830,0.031297,0.000000,
					0.027170,-0.045051,0.998615,0.000000,
					-27.418129,-0.542472,0.323017,1.000000;;
				}
				Frame foot_l {
					FrameTransformMatrix {
						0.963388,-0.205408,0.172312,0.000000,
						0.228835,0.964848,-0.129241,0.000000,
						-0.139707,0.163940,0.976527,0.000000,
						-34.662071,3.020201,1.231595,1.000000;;
					}
					Frame ball_l {
						FrameTransformMatrix {
							-0.008342,-0.999839,0.015913,0.000000,
							0.999939,-0.008226,0.007351,0.000000,
							-0.007219,0.015973,0.999846,0.000000,
							-6.847696,-16.243237,0.775744,1.000000;;
						}
					}
				}
			}
		}
		Frame thigh_r {
			FrameTransformMatrix {
				-0.913389,-0.407019,0.007495,0.000000,
				0.383175,-0.865806,-0.321804,0.000000,
				0.137469,-0.291060,0.946777,0.000000,
				-3.230861,0.808215,-13.133200,1.000000;;
			}
			Frame calf_r {
				FrameTransformMatrix {
					0.665943,-0.739265,-0.100037,0.000000,
					0.744143,0.667746,0.019156,0.000000,
					0.052638,-0.087199,0.994799,0.000000,
					27.418112,0.542467,-0.322981,1.000000;;
				}
				Frame foot_r {
					FrameTransformMatrix {
						0.941339,0.248898,0.227884,0.000000,
						-0.261488,0.964848,0.026330,0.000000,
						-0.213320,-0.084374,0.973332,0.000000,
						34.662056,-3.020197,-1.231645,1.000000;;
					}
					Frame ball_r {
						FrameTransformMatrix {
							-0.699859,-0.714103,0.015913,0.000000,
							0.714256,-0.699845,0.007351,0.000000,
							0.005887,0.016510,0.999846,0.000000,
							6.847691,16.243235,-0.775746,1.000000;;
						}
					}
				}
			}
		}
		Frame Weapon {
			FrameTransformMatrix {
				0.996903,-0.070372,-0.035097,0.000000,
				0.050239,0.226569,0.972699,0.000000,
				-0.060499,-0.971449,0.229403,0.000000,
				26.490639,-42.471405,-58.093334,1.000000;;
			}
		}
	}
}
Frame WizardBody {
	FrameTransformMatrix {
		0.010000,0.000000,0.000000,0.000000,
		0.000000,-0.000000,0.010000,0.000000,
		0.000000,-0.010000,-0.000000,0.000000,
		0.000000,0.000000,0.000000,1.000000;;
	}
}
AnimationSet Take_001 {
	Animation {
		{root}
		AnimationKey {
			4;
			26;
			0;16;
			0.010000,0.000000,0.000000,0.000000,
			0.000000,-0.000000,0.010000,0.000000,
			0.000000,-0.010000,-0.000000,0.000000,
			0.000000,0.000000,0.000000,1.000000;;,
			1;16;
			0.010000,0.000000,0.000000,0.000000,
			0.000000,-0.000000,0.010000,0.000000,
			0.000000,-0.010000,-0.000000,0.000000,
			0.000000,0.000000,0.000000,1.000000;;,
			2;16;
			0.010000,0.000000,0.000000,0.000000,
			0.000000,-0.000000,0.010000,0.000000,
			0.000000,-0.010000,-0.000000,0.000000,
			0.000000,0.000000,0.000000,1.000000;;,
			3;16;
			0.010000,0.000000,0.000000,0.000000,
			0.000000,-0.000000,0.010000,0.000000,
			0.000000,-0.010000,-0.000000,0.000000,
			0.000000,0.000000,0.000000,1.000000;;,
			4;16;
			0.010000,0.000000,0.000000,0.000000,
			0.000000,-0.000000,0.010000,0.000000,
			0.000000,-0.010000,-0.000000,0.000000,
			0.000000,0.000000,0.000000,1.000000;;,
			5;16;
			0.010000,0.000000,0.000000,0.000000,
			0.000000,-0.000000,0.010000,0.000000,
			0.000000,-0.010000,-0.000000,0.000000,
			0.000000,0.000000,0.000000,1.000000;;,
			6;16;
			0.010000,0.000000,0.000000,0.000000,
			0.000000,-0.000000,0.010000,0.000000,
			0.000000,-0.010000,-0.000000,0.000000,
			0.000000,0.000000,0.000000,1.000000;;,
			7;16;
			0.010000,0.000000,0.000000,0.000000,
			0.000000,-0.000000,0.010000,0.000000,
			0.000000,-0.010000,-0.000000,0.000000,
			0.000000,0.000000,0.000000,1.000000;;,
			8;16;
			0.010000,0.000000,0.000000,0.000000,
			0.000000,-0.000000,0.010000,0.000000,
			0.000000,-0.010000,-0.000000,0.000000,
			0.000000,0.000000,0.000000,1.000000;;,
			9;16;
			0.010000,0.000000,0.000000,0.000000,
			0.000000,-0.000000,0.010000,0.000000,
			0.000000,-0.010000,-0.000000,0.000000,
			0.000000,0.000000,0.000000,1.000000;;,
			10;16;
			0.010000,0.000000,0.000000,0.000000,
			0.000000,-0.000000,0.010000,0.000000,
			0.000000,-0.010000,-0.000000,0.000000,
			0.000000,0.000000,0.000000,1.000000;;,
			11;16;
			0.010000,0.000000,0.000000,0.000000,
			0.000000,-0.000000,0.010000,0.000000,
			0.000000,-0.010000,-0.000000,0.000000,
			0.000000,0.000000,0.000000,1.000000;;,
			12;16;
			0.010000,0.000000,0.000000,0.000000,
			0.000000,-0.000000,0.010000,0.000000,
			0.000000,-0.010000,-0.000000,0.000000,
			0.000000,0.000000,0.000000,1.000000;;,
			13;16;
			0.010000,0.000000,0.000000,0.000000,
			0.000000,-0.000000,0.010000,0.000000,
			0.000000,-0.010000,-0.000000,0.000000,
			0.000000,0.000000,0.000000,1.000000;;,
			14;16;
			0.010000,0.000000,0.000000,0.000000,
			0.000000,-0.000000,0.010000,0.000000,
			0.000000,-0.010000,-0.000000,0.000000,
			0.000000,0.000000,0.000000,1.000000;;,
			15;16;
			0.010000,0.000000,0.000000,0.000000,
			0.000000,-0.000000,0.010000,0.000000,
			0.000000,-0.010000,-0.000000,0.000000,
			0.000000,0.000000,0.000000,1.000000;;,
			16;16;
			0.010000,0.000000,0.000000,0.000000,
			0.000000,-0.000000,0.010000,0.000000,
			0.000000,-0.010000,-0.000000,0.000000,
			0.000000,0.000000,0.000000,1.000000;;,
			17;16;
			0.010000,0.000000,0.000000,0.000000,
			0.000000,-0.000000,0.010000,0.000000,
			0.000000,-0.010000,-0.000000,0.000000,
			0.000000,0.000000,0.000000,1.000000;;,
			18;16;
			0.010000,0.000000,0.000000,0.000000,
			0.000000,-0.000000,0.010000,0.000000,
			0.000000,-0.010000,-0.000000,0.000000,
			0.000000,0.000000,0.000000,1.000000;;,
			19;16;
			0.010000,0.000000,0.000000,0.000000,
			0.000000,-0.000000,0.010000,0.000000,
			0.000000,-0.010000,-0.000000,0.000000,
			0.000000,0.000000,0.000000,1.000000;;,
			20;16;
			0.010000,0.000000,0.000000,0.000000,
			0.000000,-0.000000,0.010000,0.000000,
			0.000000,-0.010000,-0.000000,0.000000,
			0.000000,0.000000,0.000000,1.000000;;,
			21;16;
			0.010000,0.000000,0.000000,0.000000,
			0.000000,-0.000000,0.010000,0.000000,
			0.000000,-0.010000,-0.000000,0.000000,
			0.000000,0.000000,0.000000,1.000000;;,
			22;16;
			0.010000,0.000000,0.000000,0.000000,
			0.000000,-0.000000,0.010000,0.000000,
			0.000000,-0.010000,-0.000000,0.000000,
			0.000000,0.000000,0.000000,1.000000;;,
			23;16;
			0.010000,0.000000,0.000000,0.000000,
			0.000000,-0.000000,0.010000,0.000000,
			0.000000,-0.010000,-0.000000,0.000000,
			0.000000,0.000000,0.000000,1.000000;;,
			24;16;
			0.010000,0.000000,0.000000,0.000000,
			0.000000,-0.000000,0.010000,0.000000,
			0.000000,-0.010000,-0.000000,0.000000,
			0.000000,0.000000,0.000000,1.000000;;,
			25;16;
			0.010000,0.000000,0.000000,0.000000,
			0.000000,-0.000000,0.010000,0.000000,
			0.000000,-0.010000,-0.000000,0.000000,
			0.000000,0.000000,0.000000,1.000000;;;
		}
	}
	Animation {
		{pelvis}
		AnimationKey {
			4;
			26;
			0;16;
			-0.002972,-0.065817,-0.997827,0.000000,
			0.363915,0.929341,-0.062384,0.000000,
			0.931427,-0.363310,0.021190,0.000000,
			0.000000,0.281806,-69.629593,1.000000;;,
			1;16;
			-0.002972,-0.150238,-0.988645,0.000000,
			0.362754,0.921145,-0.141071,0.000000,
			0.931880,-0.359055,0.051762,0.000000,
			0.000000,-1.387214,-65.777596,1.000000;;,
			2;16;
			-0.002972,-0.233388,-0.972379,0.000000,
			0.363915,0.905456,-0.218438,0.000000,
			0.931427,-0.354513,0.082242,0.000000,
			0.000000,-3.056234,-61.925598,1.000000;;,
			3;16;
			-0.002876,-0.121173,-0.992627,0.000000,
			0.357925,0.926745,-0.114167,0.000000,
			0.933746,-0.355614,0.040705,0.000000,
			0.000000,-0.821433,-63.423088,1.000000;;,
			4;16;
			-0.004123,0.091717,-0.995777,0.000000,
			0.357923,0.929949,0.084172,0.000000,
			0.933742,-0.356065,-0.036662,0.000000,
			0.000000,3.515098,-66.204140,1.000000;;,
			5;16;
			-0.002972,0.207673,-0.978194,0.000000,
			0.363915,0.911349,0.192376,0.000000,
			0.931427,-0.355408,-0.078284,0.000000,
			0.000000,6.401546,-67.701630,1.000000;;,
			6;16;
			-0.007382,0.210668,-0.977530,0.000000,
			0.334804,0.921657,0.196099,0.000000,
			0.942259,-0.325833,-0.077336,0.000000,
			0.000000,7.126338,-67.696434,1.000000;;,
			7;16;
			-0.021953,0.210436,-0.977361,0.000000,
			0.258417,0.945569,0.197786,0.000000,
			0.965784,-0.248225,-0.075139,0.000000,
			0.000000,7.452161,-67.660034,1.000000;;,
			8;16;
			-0.042172,0.206740,-0.977487,0.000000,
			0.151241,0.968404,0.198294,0.000000,
			0.987597,-0.139474,-0.072107,0.000000,
			0.000000,7.538605,-67.561249,1.000000;;,
			9;16;
			-0.063617,0.200135,-0.977701,0.000000,
			0.032334,0.979584,0.198416,0.000000,
			0.997450,-0.018990,-0.068790,0.000000,
			0.000000,7.545254,-67.368866,1.000000;;,
			10;16;
			-0.082454,0.192551,-0.977817,0.000000,
			-0.077125,0.976982,0.198891,0.000000,
			0.993606,0.091813,-0.065705,0.000000,
			0.000000,7.631697,-67.051704,1.000000;;,
			11;16;
			-0.095918,0.187166,-0.977634,0.000000,
			-0.156618,0.967091,0.200514,0.000000,
			0.982991,0.172348,-0.063448,0.000000,
			0.000000,7.957521,-66.578560,1.000000;;,
			12;16;
			-0.101642,0.187902,-0.976914,0.000000,
			-0.186778,0.960933,0.204261,0.000000,
			0.977130,0.203228,-0.062575,0.000000,
			0.000000,8.682313,-65.918236,1.000000;;,
			13;16;
			-0.111556,0.239152,-0.964552,0.000000,
			-0.181148,0.949455,0.256360,0.000000,
			0.977108,0.203325,-0.062596,0.000000,
			0.000000,11.741721,-64.688187,1.000000;;,
			14;16;
			-0.133726,0.358435,-0.923927,0.000000,
			-0.165399,0.911152,0.377418,0.000000,
			0.977118,0.203287,-0.062560,0.000000,
			0.000000,17.911974,-62.605064,1.000000;;,
			15;16;
			-0.159615,0.506375,-0.847412,0.000000,
			-0.140541,0.838018,0.527233,0.000000,
			0.977124,0.203251,-0.062594,0.000000,
			0.000000,25.613527,-59.786472,1.000000;;,
			16;16;
			-0.181720,0.644935,-0.742318,0.000000,
			-0.110542,0.736705,0.667118,0.000000,
			0.977117,0.203286,-0.062582,0.000000,
			0.000000,33.266846,-56.350014,1.000000;;,
			17;16;
			-0.196031,0.746860,-0.635431,0.000000,
			-0.082446,0.633156,0.769621,0.000000,
			0.977126,0.203258,-0.062542,0.000000,
			0.000000,39.292366,-52.413300,1.000000;;,
			18;16;
			-0.205517,0.826668,-0.523815,0.000000,
			-0.054766,0.524687,0.849532,0.000000,
			0.977120,0.203280,-0.062558,0.000000,
			0.000000,43.979919,-46.849762,1.000000;;,
			19;16;
			-0.211424,0.895582,-0.391449,0.000000,
			-0.023518,0.395725,0.918068,0.000000,
			0.977111,0.203308,-0.062603,0.000000,
			0.000000,48.382523,-39.581020,1.000000;;,
			20;16;
			-0.212642,0.941208,-0.262509,0.000000,
			0.005527,0.269807,0.962899,0.000000,
			0.977115,0.203302,-0.062574,0.000000,
			0.000000,52.065472,-32.296879,1.000000;;,
			21;16;
			-0.211049,0.963419,-0.165172,0.000000,
			0.026705,0.174598,0.984278,0.000000,
			0.977111,0.203320,-0.062577,0.000000,
			0.000000,54.594028,-26.687193,1.000000;;,
			22;16;
			-0.209831,0.969463,-0.126939,0.000000,
			0.034864,0.137165,0.989934,0.000000,
			0.977116,0.203293,-0.062580,0.000000,
			0.000000,55.533489,-24.441774,1.000000;;,
			23;16;
			-0.209831,0.969463,-0.126939,0.000000,
			0.034864,0.137165,0.989934,0.000000,
			0.977116,0.203293,-0.062580,0.000000,
			0.000000,55.533489,-24.441774,1.000000;;,
			24;16;
			-0.209831,0.969463,-0.126939,0.000000,
			0.034864,0.137165,0.989934,0.000000,
			0.977116,0.203293,-0.062580,0.000000,
			0.000000,55.533489,-24.441774,1.000000;;,
			25;16;
			-0.209831,0.969463,-0.126939,0.000000,
			0.034864,0.137165,0.989934,0.000000,
			0.977116,0.203293,-0.062580,0.000000,
			0.000000,55.533489,-24.441774,1.000000;;;
		}
	}
	Animation {
		{spine_01}
		AnimationKey {
			4;
			26;
			0;16;
			0.988684,-0.149080,0.016681,0.000000,
			0.149764,0.987306,-0.052890,0.000000,
			-0.008585,0.054790,0.998461,0.000000,
			11.897056,-2.768344,-0.000000,1.000000;;,
			1;16;
			0.972167,-0.233337,0.021091,0.000000,
			0.234134,0.970847,-0.051354,0.000000,
			-0.008493,0.054863,0.998458,0.000000,
			11.897056,-2.768344,-0.000000,1.000000;;,
			2;16;
			0.948465,-0.315853,0.025499,0.000000,
			0.316765,0.947220,-0.049339,0.000000,
			-0.008570,0.054873,0.998457,0.000000,
			11.897056,-2.768344,-0.000000,1.000000;;,
			3;16;
			0.976461,-0.214752,0.020132,0.000000,
			0.215526,0.975127,-0.051738,0.000000,
			-0.008520,0.054859,0.998458,0.000000,
			11.897056,-2.768344,-0.000000,1.000000;;,
			4;16;
			0.999790,-0.018118,0.009587,0.000000,
			0.018615,0.998334,-0.054618,0.000000,
			-0.008581,0.054785,0.998461,0.000000,
			11.897056,-2.768344,-0.000000,1.000000;;,
			5;16;
			0.995114,0.098685,0.003068,0.000000,
			-0.098365,0.993608,-0.055386,0.000000,
			-0.008514,0.054814,0.998460,0.000000,
			11.897056,-2.768344,-0.000000,1.000000;;,
			6;16;
			0.993474,0.114033,0.002205,0.000000,
			-0.113736,0.991961,-0.055482,0.000000,
			-0.008514,0.054869,0.998457,0.000000,
			11.897056,-2.768344,-0.000000,1.000000;;,
			7;16;
			0.992158,0.124979,0.001630,0.000000,
			-0.124697,0.990642,-0.055482,0.000000,
			-0.008549,0.054844,0.998458,0.000000,
			11.897056,-2.768344,-0.000000,1.000000;;,
			8;16;
			0.991196,0.132396,0.001246,0.000000,
			-0.132123,0.989679,-0.055482,0.000000,
			-0.008579,0.054829,0.998459,0.000000,
			11.897056,-2.768344,-0.000000,1.000000;;,
			9;16;
			0.990590,0.136861,0.000959,0.000000,
			-0.136597,0.989072,-0.055482,0.000000,
			-0.008542,0.054829,0.998459,0.000000,
			11.897056,-2.768344,-0.000000,1.000000;;,
			10;16;
			0.990272,0.139140,0.000863,0.000000,
			-0.138878,0.988754,-0.055482,0.000000,
			-0.008573,0.054823,0.998459,0.000000,
			11.897056,-2.768344,-0.000000,1.000000;;,
			11;16;
			0.990152,0.139994,0.000767,0.000000,
			-0.139736,0.988633,-0.055482,0.000000,
			-0.008525,0.054829,0.998459,0.000000,
			11.897056,-2.768344,-0.000000,1.000000;;,
			12;16;
			0.990139,0.140089,0.000767,0.000000,
			-0.139831,0.988620,-0.055482,0.000000,
			-0.008530,0.054828,0.998459,0.000000,
			11.897056,-2.768344,-0.000000,1.000000;;,
			13;16;
			0.996917,0.078344,0.004218,0.000000,
			-0.077992,0.995420,-0.055290,0.000000,
			-0.008531,0.054791,0.998461,0.000000,
			11.897056,-2.768344,-0.000000,1.000000;;,
			14;16;
			0.997502,-0.069543,0.012367,0.000000,
			0.070114,0.996069,-0.054138,0.000000,
			-0.008554,0.054870,0.998457,0.000000,
			11.897056,-2.768344,-0.000000,1.000000;;,
			15;16;
			0.969594,-0.243759,0.021666,0.000000,
			0.244572,0.968286,-0.051066,0.000000,
			-0.008531,0.054812,0.998460,0.000000,
			11.897056,-2.768344,-0.000000,1.000000;;,
			16;16;
			0.922831,-0.384116,0.028950,0.000000,
			0.385111,0.921656,-0.047324,0.000000,
			-0.008504,0.054821,0.998460,0.000000,
			11.897056,-2.768344,-0.000000,1.000000;;,
			17;16;
			0.897124,-0.440631,0.031825,0.000000,
			0.441697,0.896014,-0.045405,0.000000,
			-0.008508,0.054791,0.998462,0.000000,
			11.897056,-2.768344,-0.000000,1.000000;;,
			18;16;
			0.916272,-0.399446,0.029812,0.000000,
			0.400465,0.915114,-0.046844,0.000000,
			-0.008570,0.054860,0.998457,0.000000,
			11.897056,-2.768344,-0.000000,1.000000;;,
			19;16;
			0.954198,-0.298166,0.024541,0.000000,
			0.299052,0.952935,-0.049818,0.000000,
			-0.008532,0.054876,0.998457,0.000000,
			11.897056,-2.768344,-0.000000,1.000000;;,
			20;16;
			0.984790,-0.172823,0.017927,0.000000,
			0.173539,0.983426,-0.052506,0.000000,
			-0.008556,0.054819,0.998460,0.000000,
			11.897056,-2.768344,-0.000000,1.000000;;,
			21;16;
			0.997778,-0.065526,0.012080,0.000000,
			0.066087,0.996344,-0.054138,0.000000,
			-0.008488,0.054816,0.998460,0.000000,
			11.897056,-2.768344,-0.000000,1.000000;;,
			22;16;
			0.999748,-0.020227,0.009683,0.000000,
			0.020726,0.998292,-0.054618,0.000000,
			-0.008562,0.054805,0.998460,0.000000,
			11.897056,-2.768344,-0.000000,1.000000;;,
			23;16;
			0.999748,-0.020227,0.009683,0.000000,
			0.020726,0.998292,-0.054618,0.000000,
			-0.008562,0.054805,0.998460,0.000000,
			11.897056,-2.768344,-0.000000,1.000000;;,
			24;16;
			0.999748,-0.020227,0.009683,0.000000,
			0.020726,0.998292,-0.054618,0.000000,
			-0.008562,0.054805,0.998460,0.000000,
			11.897056,-2.768344,-0.000000,1.000000;;,
			25;16;
			0.999748,-0.020227,0.009683,0.000000,
			0.020726,0.998292,-0.054618,0.000000,
			-0.008562,0.054805,0.998460,0.000000,
			11.897056,-2.768344,-0.000000,1.000000;;;
		}
	}
	Animation {
		{spine_02}
		AnimationKey {
			4;
			26;
			0;16;
			0.969220,0.245940,-0.011217,0.000000,
			-0.246097,0.966544,-0.072317,0.000000,
			-0.006944,0.072851,0.997319,0.000000,
			14.500739,1.261342,-0.000000,1.000000;;,
			1;16;
			0.985457,0.169923,-0.001055,0.000000,
			-0.169923,0.985386,-0.011888,0.000000,
			-0.000981,0.011894,0.999929,0.000000,
			14.500739,1.261342,-0.000000,1.000000;;,
			2;16;
			0.995730,0.092194,0.004698,0.000000,
			-0.092314,0.994458,0.050312,0.000000,
			-0.000033,-0.050531,0.998722,0.000000,
			14.500739,1.261342,-0.000000,1.000000;;,
			3;16;
			0.990926,0.132746,0.021091,0.000000,
			-0.133672,0.989704,0.051163,0.000000,
			-0.014082,-0.053518,0.998468,0.000000,
			14.500739,1.261342,-0.000000,1.000000;;,
			4;16;
			0.976309,0.212268,0.041980,0.000000,
			-0.214188,0.975600,0.048259,0.000000,
			-0.030712,-0.056107,0.997952,0.000000,
			14.500739,1.261342,-0.000000,1.000000;;,
			5;16;
			0.962077,0.267037,0.055674,0.000000,
			-0.269569,0.961961,0.044306,0.000000,
			-0.041725,-0.057634,0.997465,0.000000,
			14.500739,1.261342,-0.000000,1.000000;;,
			6;16;
			0.956205,0.286162,0.061512,0.000000,
			-0.288939,0.956418,0.042188,0.000000,
			-0.046759,-0.058113,0.997214,0.000000,
			14.500739,1.261342,-0.000000,1.000000;;,
			7;16;
			0.951758,0.299709,0.065818,0.000000,
			-0.302654,0.952246,0.040360,0.000000,
			-0.050578,-0.058333,0.997015,0.000000,
			14.500739,1.261342,-0.000000,1.000000;;,
			8;16;
			0.948627,0.308851,0.068687,0.000000,
			-0.311895,0.949319,0.038919,0.000000,
			-0.053186,-0.058342,0.996879,0.000000,
			14.500739,1.261342,-0.000000,1.000000;;,
			9;16;
			0.946678,0.314352,0.070600,0.000000,
			-0.317449,0.947523,0.037767,0.000000,
			-0.055023,-0.058165,0.996790,0.000000,
			14.500739,1.261342,-0.000000,1.000000;;,
			10;16;
			0.945668,0.317140,0.071652,0.000000,
			-0.320258,0.946607,0.036999,0.000000,
			-0.056092,-0.057936,0.996743,0.000000,
			14.500739,1.261342,-0.000000,1.000000;;,
			11;16;
			0.945270,0.318217,0.072130,0.000000,
			-0.321337,0.946261,0.036520,0.000000,
			-0.056633,-0.057700,0.996726,0.000000,
			14.500739,1.261342,-0.000000,1.000000;;,
			12;16;
			0.945233,0.318305,0.072226,0.000000,
			-0.321420,0.946240,0.036329,0.000000,
			-0.056779,-0.057554,0.996726,0.000000,
			14.500739,1.261342,-0.000000,1.000000;;,
			13;16;
			0.958915,0.274794,0.070505,0.000000,
			-0.277952,0.959779,0.039583,0.000000,
			-0.056792,-0.057553,0.996726,0.000000,
			14.500739,1.261342,-0.000000,1.000000;;,
			14;16;
			0.983473,0.168707,0.065722,0.000000,
			-0.171939,0.983983,0.047050,0.000000,
			-0.056731,-0.057573,0.996728,0.000000,
			14.500739,1.261342,-0.000000,1.000000;;,
			15;16;
			0.997461,0.039708,0.059119,0.000000,
			-0.042983,0.997550,0.055194,0.000000,
			-0.056783,-0.057595,0.996724,0.000000,
			14.500739,1.261342,-0.000000,1.000000;;,
			16;16;
			0.996219,-0.069069,0.052706,0.000000,
			0.065806,0.995946,0.061331,0.000000,
			-0.056728,-0.057631,0.996725,0.000000,
			14.500739,1.261342,-0.000000,1.000000;;,
			17;16;
			0.992172,-0.114461,0.049929,0.000000,
			0.111211,0.991757,0.063633,0.000000,
			-0.056801,-0.057583,0.996724,0.000000,
			14.500739,1.261342,-0.000000,1.000000;;,
			18;16;
			0.994788,-0.087972,0.051557,0.000000,
			0.084714,0.994456,0.062290,0.000000,
			-0.056751,-0.057598,0.996725,0.000000,
			14.500739,1.261342,-0.000000,1.000000;;,
			19;16;
			0.998159,-0.024503,0.055482,0.000000,
			0.021230,0.998042,0.058837,0.000000,
			-0.056815,-0.057551,0.996725,0.000000,
			14.500739,1.261342,-0.000000,1.000000;;,
			20;16;
			0.996888,0.051370,0.059790,0.000000,
			-0.054646,0.997016,0.054523,0.000000,
			-0.056810,-0.057621,0.996721,0.000000,
			14.500739,1.261342,-0.000000,1.000000;;,
			21;16;
			0.991385,0.114756,0.063139,0.000000,
			-0.118017,0.991722,0.050594,0.000000,
			-0.056810,-0.057610,0.996721,0.000000,
			14.500739,1.261342,-0.000000,1.000000;;,
			22;16;
			0.987896,0.141124,0.064383,0.000000,
			-0.144369,0.988316,0.048870,0.000000,
			-0.056734,-0.057574,0.996728,0.000000,
			14.500739,1.261342,-0.000000,1.000000;;,
			23;16;
			0.987896,0.141124,0.064383,0.000000,
			-0.144369,0.988316,0.048870,0.000000,
			-0.056734,-0.057574,0.996728,0.000000,
			14.500739,1.261342,-0.000000,1.000000;;,
			24;16;
			0.987896,0.141124,0.064383,0.000000,
			-0.144369,0.988316,0.048870,0.000000,
			-0.056734,-0.057574,0.996728,0.000000,
			14.500739,1.261342,-0.000000,1.000000;;,
			25;16;
			0.987896,0.141124,0.064383,0.000000,
			-0.144369,0.988316,0.048870,0.000000,
			-0.056734,-0.057574,0.996728,0.000000,
			14.500739,1.261342,-0.000000,1.000000;;;
		}
	}
	Animation {
		{neck_01}
		AnimationKey {
			4;
			26;
			0;16;
			0.931087,-0.362548,0.040447,0.000000,
			0.362717,0.908246,-0.208628,0.000000,
			0.038902,0.208922,0.977158,0.000000,
			21.878693,0.005165,-0.000000,1.000000;;,
			1;16;
			0.903791,-0.425766,0.043417,0.000000,
			0.426858,0.889462,-0.163246,0.000000,
			0.030887,0.166073,0.985630,0.000000,
			21.878693,0.005165,-0.000000,1.000000;;,
			2;16;
			0.872247,-0.487406,0.040256,0.000000,
			0.488531,0.864488,-0.118317,0.000000,
			0.022868,0.122868,0.992159,0.000000,
			21.878693,0.005165,-0.000000,1.000000;;,
			3;16;
			0.909144,-0.415364,0.030483,0.000000,
			0.415853,0.901318,-0.121212,0.000000,
			0.022872,0.122876,0.992158,0.000000,
			21.878693,0.005165,-0.000000,1.000000;;,
			4;16;
			0.964180,-0.265034,0.010642,0.000000,
			0.264262,0.956369,-0.124592,0.000000,
			0.022844,0.122941,0.992151,0.000000,
			21.878693,0.005165,-0.000000,1.000000;;,
			5;16;
			0.988396,-0.151848,-0.003931,0.000000,
			0.150173,0.980729,-0.124978,0.000000,
			0.022833,0.122938,0.992152,0.000000,
			21.878693,0.005165,-0.000000,1.000000;;,
			6;16;
			0.994475,-0.104498,-0.009971,0.000000,
			0.102295,0.986045,-0.131343,0.000000,
			0.023557,0.129598,0.991287,0.000000,
			21.878693,0.005165,-0.000000,1.000000;;,
			7;16;
			0.997702,-0.065905,-0.015723,0.000000,
			0.062862,0.986967,-0.148134,0.000000,
			0.025281,0.146806,0.988842,0.000000,
			21.878693,0.005165,-0.000000,1.000000;;,
			8;16;
			0.999124,-0.035745,-0.021762,0.000000,
			0.031506,0.984764,-0.171016,0.000000,
			0.027543,0.170180,0.985028,0.000000,
			21.878693,0.005165,-0.000000,1.000000;;,
			9;16;
			0.999517,-0.013512,-0.027991,0.000000,
			0.007769,0.980582,-0.195953,0.000000,
			0.030096,0.195641,0.980214,0.000000,
			21.878693,0.005165,-0.000000,1.000000;;,
			10;16;
			0.999436,0.001437,-0.033550,0.000000,
			-0.008745,0.975754,-0.218697,0.000000,
			0.032422,0.218868,0.975216,0.000000,
			21.878693,0.005165,-0.000000,1.000000;;,
			11;16;
			0.999249,0.009868,-0.037478,0.000000,
			-0.018417,0.971777,-0.235181,0.000000,
			0.034099,0.235695,0.971229,0.000000,
			21.878693,0.005165,-0.000000,1.000000;;,
			12;16;
			0.999164,0.012550,-0.038915,0.000000,
			-0.021594,0.970139,-0.241588,0.000000,
			0.034721,0.242226,0.969598,0.000000,
			21.878693,0.005165,-0.000000,1.000000;;,
			13;16;
			0.999292,0.005653,-0.037190,0.000000,
			-0.014490,0.970197,-0.241882,0.000000,
			0.034715,0.242250,0.969593,0.000000,
			21.878693,0.005165,-0.000000,1.000000;;,
			14;16;
			0.999394,-0.010828,-0.033070,0.000000,
			0.002487,0.970154,-0.242475,0.000000,
			0.034709,0.242246,0.969594,0.000000,
			21.878693,0.005165,-0.000000,1.000000;;,
			15;16;
			0.999138,-0.030471,-0.028183,0.000000,
			0.022718,0.969743,-0.243070,0.000000,
			0.034737,0.242220,0.969599,0.000000,
			21.878693,0.005165,-0.000000,1.000000;;,
			16;16;
			0.998612,-0.046852,-0.024062,0.000000,
			0.039597,0.969077,-0.243560,0.000000,
			0.034729,0.242270,0.969587,0.000000,
			21.878693,0.005165,-0.000000,1.000000;;,
			17;16;
			0.998305,-0.053746,-0.022337,0.000000,
			0.046699,0.968712,-0.243756,0.000000,
			0.034739,0.242300,0.969579,0.000000,
			21.878693,0.005165,-0.000000,1.000000;;,
			18;16;
			0.998365,-0.052501,-0.022624,0.000000,
			0.045425,0.968796,-0.243662,0.000000,
			0.034711,0.242235,0.969596,0.000000,
			21.878693,0.005165,-0.000000,1.000000;;,
			19;16;
