xof 0303txt 0032
Frame root {
	FrameTransformMatrix {
		0.010000,0.000000,0.000000,0.000000,
		0.000000,-0.000000,0.010000,0.000000,
		0.000000,-0.010000,-0.000000,0.000000,
		0.000000,0.000000,0.000000,1.000000;;
	}
	Frame pelvis {
		FrameTransformMatrix {
			0.008096,0.267788,-0.963444,0.000000,
			0.011503,0.963387,0.267869,0.000000,
			0.999901,-0.013251,0.004719,0.000000,
			0.000000,1.632197,-68.713486,1.000000;;
		}
		Frame spine_01 {
			FrameTransformMatrix {
				0.994501,-0.102644,0.020763,0.000000,
				0.103593,0.993288,-0.051459,0.000000,
				-0.015341,0.053327,0.998459,0.000000,
				11.897056,-2.768344,-0.000000,1.000000;;
			}
			Frame spine_02 {
				FrameTransformMatrix {
					0.965917,0.258585,-0.011725,0.000000,
					-0.258840,0.964481,-0.052710,0.000000,
					-0.002322,0.053949,0.998541,0.000000,
					14.500739,1.261342,-0.000000,1.000000;;
				}
				Frame spine_03 {
					FrameTransformMatrix {
						0.996790,0.080065,-0.000000,0.000000,
						-0.080065,0.996790,-0.000000,0.000000,
						0.000000,0.000000,1.000000,0.000000,
						12.496109,0.321524,-0.000000,1.000000;;
					}
					Frame neck_01 {
						FrameTransformMatrix {
							0.902827,-0.406134,0.141275,0.000000,
							0.425903,0.889842,-0.163669,0.000000,
							-0.059241,0.207934,0.976347,0.000000,
							21.878693,0.005165,-0.000000,1.000000;;
						}
						Frame head {
							FrameTransformMatrix {
								0.981679,0.190542,-0.000000,0.000000,
								-0.190542,0.981679,0.000000,0.000000,
								0.000000,0.000000,1.000000,0.000000,
								25.710386,0.140607,-0.000000,1.000000;;
							}
							Frame Hair01_l {
								FrameTransformMatrix {
									-0.847722,-0.506519,0.157502,0.000000,
									-0.498552,0.862225,0.089520,0.000000,
									-0.181146,-0.002635,-0.983453,0.000000,
									-2.802900,-2.445666,17.216135,1.000000;;
								}
								Frame Hair02_l {
									FrameTransformMatrix {
										0.925193,-0.378193,-0.031442,0.000000,
										0.376683,0.925246,-0.045063,0.000000,
										0.046134,0.029848,0.998489,0.000000,
										17.107462,0.000000,0.000000,1.000000;;
									}
									Frame Hair03_l {
										FrameTransformMatrix {
											-0.000485,0.184884,-0.982760,0.000000,
											-0.793430,0.598098,0.112910,0.000000,
											0.608662,0.779806,0.146402,0.000000,
											17.868711,0.000000,-0.000000,1.000000;;
										}
									}
								}
							}
							Frame Hair01_r {
								FrameTransformMatrix {
									0.846381,0.506543,0.164478,0.000000,
									0.497850,-0.862210,0.093485,0.000000,
									0.189169,0.002762,-0.981941,0.000000,
									-2.802879,-2.445665,-17.216101,1.000000;;
								}
								Frame Hair02_r {
									FrameTransformMatrix {
										0.925168,-0.378145,-0.032711,0.000000,
										0.376572,0.925264,-0.045601,0.000000,
										0.047510,0.029870,0.998424,0.000000,
										-17.107590,-0.000088,0.000030,1.000000;;
									}
									Frame Hair03_r {
										FrameTransformMatrix {
											-0.000485,0.184884,-0.982760,0.000000,
											-0.793430,0.598098,0.112910,0.000000,
											0.608662,0.779806,0.146402,0.000000,
											-17.868824,-0.000087,-0.000017,1.000000;;
										}
									}
								}
							}
						}
					}
					Frame clavicle_l {
						FrameTransformMatrix {
							-0.132891,0.446703,0.884758,0.000000,
							0.261614,0.876826,-0.403403,0.000000,
							-0.955980,0.177857,-0.233386,0.000000,
							8.485651,-3.456696,9.015220,1.000000;;
						}
						Frame upperarm_l {
							FrameTransformMatrix {
								0.874119,-0.413408,0.254971,0.000000,
								0.421831,0.906372,0.023419,0.000000,
								-0.240780,0.087084,0.966665,0.000000,
								12.778380,-0.000000,-0.000000,1.000000;;
							}
							Frame lowerarm_l {
								FrameTransformMatrix {
									0.210717,-0.977547,0.000057,0.000000,
									0.977547,0.210717,-0.000002,0.000000,
									-0.000010,0.000056,1.000000,0.000000,
									35.128559,1.515315,-0.004476,1.000000;;
								}
								Frame hand_l {
									FrameTransformMatrix {
										0.972262,-0.196347,-0.127097,0.000000,
										0.020952,-0.468100,0.883427,0.000000,
										-0.232952,-0.861586,-0.451002,0.000000,
										23.148167,-0.587805,0.000000,1.000000;;
									}
									Frame thumb_01_l {
										FrameTransformMatrix {
											0.524018,0.422263,0.739661,0.000000,
											0.766591,0.144596,-0.625644,0.000000,
											-0.371138,0.894867,-0.247932,0.000000,
											7.761036,2.573662,8.277136,1.000000;;
										}
										Frame thumb_02_l {
											FrameTransformMatrix {
												0.770765,0.617263,0.157822,0.000000,
												-0.620075,0.783680,-0.036784,0.000000,
												-0.146388,-0.069510,0.986782,0.000000,
												9.421203,-0.593851,-0.083314,1.000000;;
											}
											Frame thumb_03_l {
												FrameTransformMatrix {
													0.996908,0.056475,0.054638,0.000000,
													-0.056363,0.998404,-0.003600,0.000000,
													-0.054754,0.000509,0.998500,0.000000,
													8.910820,-0.377085,-0.058631,1.000000;;
												}
											}
										}
									}
									Frame index_01_l {
										FrameTransformMatrix {
											0.830331,0.556903,0.020244,0.000000,
											-0.547253,0.821723,-0.159017,0.000000,
											-0.105192,0.120958,0.987068,0.000000,
											16.470049,-1.438421,6.613763,1.000000;;
										}
										Frame index_02_l {
											FrameTransformMatrix {
												0.753762,0.657102,0.007690,0.000000,
												-0.657102,0.753796,-0.002970,0.000000,
												-0.007748,-0.002814,0.999966,0.000000,
												9.508547,-0.644083,0.623717,1.000000;;
											}
											Frame index_03_l {
												FrameTransformMatrix {
													0.999086,0.000000,0.042746,0.000000,
													0.001634,0.999269,-0.038183,0.000000,
													-0.042715,0.038218,0.998356,0.000000,
													6.657951,-1.016678,0.346394,1.000000;;
												}
											}
										}
									}
									Frame ring_01_l {
										FrameTransformMatrix {
											0.810818,0.585249,-0.007590,0.000000,
											-0.585222,0.810854,0.005596,0.000000,
											0.009429,-0.000096,0.999956,0.000000,
											17.496222,-2.933048,-3.587839,1.000000;;
										}
										Frame ring_02_l {
											FrameTransformMatrix {
												0.789243,0.613478,-0.027199,0.000000,
												-0.614075,0.788662,-0.030417,0.000000,
												0.002791,0.040709,0.999167,0.000000,
												8.391934,-0.606711,-0.010261,1.000000;;
											}
											Frame ring_03_l {
												FrameTransformMatrix {
													0.999811,0.000000,0.019435,0.000000,
													0.000000,1.000000,0.000000,0.000000,
													-0.019435,0.000000,0.999811,0.000000,
													7.046853,-1.159921,0.318573,1.000000;;
												}
											}
										}
									}
								}
							}
						}
						Frame Shoulder_l {
							FrameTransformMatrix {
								0.819207,-0.373515,-0.435185,0.000000,
								0.414860,0.909885,0.000000,0.000000,
								0.395968,-0.180541,0.900341,0.000000,
								10.304173,0.218627,-8.783108,1.000000;;
							}
							Frame FrontGarment01_l {
								FrameTransformMatrix {
									-0.014079,-0.201958,0.979293,0.000000,
									0.023980,0.979040,0.202250,0.000000,
									-0.999613,0.026331,-0.008941,0.000000,
									6.505432,-12.660301,4.465258,1.000000;;
								}
								Frame FrontGarment02_l {
									FrameTransformMatrix {
										0.949685,-0.011400,-0.312998,0.000000,
										0.004559,0.999735,-0.022582,0.000000,
										0.313173,0.020019,0.949485,0.000000,
										41.093178,0.000000,0.000000,1.000000;;
									}
									Frame FrontGarment03_l {
										FrameTransformMatrix {
											0.999928,-0.009892,-0.006751,0.000000,
											0.009883,0.999950,-0.001354,0.000000,
											0.006764,0.001288,0.999976,0.000000,
											41.610046,-0.000000,0.000000,1.000000;;
										}
									}
								}
							}
							Frame RearGarment01_l {
								FrameTransformMatrix {
									-0.018480,0.262191,0.964839,0.000000,
									-0.102558,0.959417,-0.262682,0.000000,
									-0.994555,-0.103806,0.009160,0.000000,
									-1.554315,15.130317,1.799134,1.000000;;
								}
								Frame RearGarment02_l {
									FrameTransformMatrix {
										0.993973,0.107014,-0.023780,0.000000,
										-0.106887,0.994250,0.006555,0.000000,
										0.024344,-0.003974,0.999696,0.000000,
										36.183285,-0.000000,0.000000,1.000000;;
									}
									Frame RearGarment03_l {
										FrameTransformMatrix {
											0.996941,0.007736,0.077776,0.000000,
											-0.006703,0.999886,-0.013528,0.000000,
											-0.077872,0.012966,0.996879,0.000000,
											40.224743,0.000000,-0.000000,1.000000;;
										}
										Frame RearGarment04_l {
											FrameTransformMatrix {
												0.999847,0.015555,0.007965,0.000000,
												-0.015543,0.999878,-0.001513,0.000000,
												-0.007988,0.001389,0.999967,0.000000,
												42.256981,0.000000,0.000000,1.000000;;
											}
										}
									}
								}
							}
							Frame ShoulderPad_l {
								FrameTransformMatrix {
									0.977044,0.000000,0.213040,0.000000,
									0.000000,1.000000,0.000000,0.000000,
									-0.213040,0.000000,0.977044,0.000000,
									20.547165,0.656359,-0.793545,1.000000;;
								}
							}
						}
					}
					Frame clavicle_r {
						FrameTransformMatrix {
							0.132891,-0.446703,0.884758,0.000000,
							-0.261615,-0.876826,-0.403403,0.000000,
							0.955980,-0.177857,-0.233386,0.000000,
							8.485809,-3.456726,-9.015220,1.000000;;
						}
						Frame upperarm_r {
							FrameTransformMatrix {
								0.992520,-0.068772,0.100870,0.000000,
								0.019509,0.904967,0.425034,0.000000,
								-0.120514,-0.419886,0.899540,0.000000,
								-12.778482,0.000044,-0.000437,1.000000;;
							}
							Frame lowerarm_r {
								FrameTransformMatrix {
									0.374700,-0.927146,0.000056,0.000000,
									0.927146,0.374700,-0.000015,0.000000,
									-0.000007,0.000058,1.000000,0.000000,
									-35.128563,-1.515309,0.004754,1.000000;;
								}
								Frame hand_r {
									FrameTransformMatrix {
										0.865120,0.372410,0.335975,0.000000,
										0.186558,-0.860714,0.473675,0.000000,
										0.465579,-0.347107,-0.814096,0.000000,
										-23.148169,0.587807,0.000246,1.000000;;
									}
									Frame thumb_01_r {
										FrameTransformMatrix {
											-0.132956,0.379465,0.915603,0.000000,
											0.974792,0.217071,0.051587,0.000000,
											-0.179176,0.899381,-0.398761,0.000000,
											-7.761057,-2.573982,-8.277136,1.000000;;
										}
										Frame thumb_02_r {
											FrameTransformMatrix {
												0.031839,0.947397,0.318475,0.000000,
												-0.998292,0.045760,-0.036323,0.000000,
												-0.048985,-0.316774,0.947235,0.000000,
												-9.421142,0.593876,0.083643,1.000000;;
											}
											Frame thumb_03_r {
												FrameTransformMatrix {
													0.996908,0.056475,0.054638,0.000000,
													-0.056363,0.998404,-0.003600,0.000000,
													-0.054754,0.000509,0.998500,0.000000,
													-8.910397,0.377178,0.058603,1.000000;;
												}
											}
										}
									}
									Frame index_01_r {
										FrameTransformMatrix {
											0.224827,0.974188,0.020244,0.000000,
											-0.961260,0.225148,-0.159017,0.000000,
											-0.159470,0.016291,0.987068,0.000000,
											-16.470009,1.438024,-6.613760,1.000000;;
										}
										Frame index_02_r {
											FrameTransformMatrix {
												-0.211962,0.977248,0.007690,0.000000,
												-0.977277,-0.211945,-0.002970,0.000000,
												-0.001273,-0.008144,0.999966,0.000000,
												-9.508614,0.643767,-0.623766,1.000000;;
											}
											Frame index_03_r {
												FrameTransformMatrix {
													0.999086,-0.000000,0.042746,0.000000,
													0.001634,0.999269,-0.038183,0.000000,
													-0.042715,0.038218,0.998356,0.000000,
													-6.657835,1.017637,-0.346229,1.000000;;
												}
											}
										}
									}
									Frame ring_01_r {
										FrameTransformMatrix {
											0.172474,0.984985,-0.007590,0.000000,
											-0.984990,0.172518,0.005596,0.000000,
											0.006822,0.006511,0.999956,0.000000,
											-17.496218,2.933113,3.587840,1.000000;;
										}
										Frame ring_02_r {
											FrameTransformMatrix {
												-0.082666,0.996206,-0.027199,0.000000,
												-0.996045,-0.083483,-0.030417,0.000000,
												-0.032572,0.024577,0.999167,0.000000,
												-8.392414,0.606222,0.010262,1.000000;;
											}
											Frame ring_03_r {
												FrameTransformMatrix {
													0.999811,0.000000,0.019435,0.000000,
													0.000000,1.000000,0.000000,0.000000,
													-0.019435,0.000000,0.999811,0.000000,
													-7.046180,1.160231,-0.318541,1.000000;;
												}
											}
										}
									}
								}
							}
						}
						Frame Shoulder_r {
							FrameTransformMatrix {
								0.819207,-0.373515,-0.435185,0.000000,
								0.414860,0.909885,0.000000,0.000000,
								0.395968,-0.180541,0.900341,0.000000,
								-10.304314,-0.218563,8.782545,1.000000;;
							}
							Frame FrontGarment01_r {
								FrameTransformMatrix {
									-0.205039,-0.182157,0.961654,0.000000,
									0.062561,0.978080,0.198607,0.000000,
									-0.976752,0.100884,-0.189148,0.000000,
									-6.505545,12.660254,-4.464426,1.000000;;
								}
								Frame FrontGarment02_r {
									FrameTransformMatrix {
										0.986692,-0.088228,-0.136584,0.000000,
										0.085442,0.996000,-0.026138,0.000000,
										0.138344,0.014120,0.990284,0.000000,
										-41.093552,-0.000013,0.000059,1.000000;;
									}
									Frame FrontGarment03_r {
										FrameTransformMatrix {
											0.999928,-0.009892,-0.006751,0.000000,
											0.009883,0.999950,-0.001354,0.000000,
											0.006764,0.001288,0.999976,0.000000,
											-41.610119,-0.000034,-0.000061,1.000000;;
										}
									}
								}
							}
							Frame RearGarment01_r {
								FrameTransformMatrix {
									-0.012283,0.262554,0.964839,0.000000,
									-0.079871,0.961571,-0.262682,0.000000,
									-0.996730,-0.080289,0.009160,0.000000,
									1.554375,-15.130346,-1.799159,1.000000;;
								}
								Frame RearGarment02_r {
									FrameTransformMatrix {
										0.996223,0.083510,-0.023780,0.000000,
										-0.083376,0.996497,0.006555,0.000000,
										0.024244,-0.004548,0.999696,0.000000,
										-36.182835,-0.000128,0.000127,1.000000;;
									}
									Frame RearGarment03_r {
										FrameTransformMatrix {
											0.996846,-0.015810,0.077776,0.000000,
											0.016912,0.999765,-0.013528,0.000000,
											-0.077544,0.014801,0.996879,0.000000,
											-40.224739,0.000081,0.000045,1.000000;;
										}
										Frame RearGarment04_r {
											FrameTransformMatrix {
												0.999847,0.015555,0.007965,0.000000,
												-0.015543,0.999878,-0.001513,0.000000,
												-0.007988,0.001389,0.999967,0.000000,
												-42.257042,-0.000060,-0.000074,1.000000;;
											}
										}
									}
								}
							}
							Frame ShoulderPad_r {
								FrameTransformMatrix {
									0.977044,-0.000000,0.213040,0.000000,
									-0.000000,1.000000,0.000000,0.000000,
									-0.213040,-0.000000,0.977044,0.000000,
									-20.547213,-0.656356,0.793855,1.000000;;
								}
							}
						}
					}
				}
			}
		}
		Frame thigh_l {
			FrameTransformMatrix {
				0.693726,0.649792,-0.310669,0.000000,
				-0.717539,0.586212,-0.376156,0.000000,
				-0.062305,0.483866,0.872921,0.000000,
				-3.230826,0.808217,13.133170,1.000000;;
			}
			Frame calf_l {
				FrameTransformMatrix {
					0.335614,-0.930028,-0.149701,0.000000,
					0.941039,0.338187,0.008702,0.000000,
					0.042534,-0.143795,0.988693,0.000000,
					-27.418129,-0.542472,0.323017,1.000000;;
				}
				Frame foot_l {
					FrameTransformMatrix {
						0.841875,0.513349,0.166488,0.000000,
						-0.510843,0.857515,-0.060896,0.000000,
						-0.174027,-0.033782,0.984161,0.000000,
						-34.662071,3.020201,1.231595,1.000000;;
					}
					Frame ball_l {
						FrameTransformMatrix {
							-0.008342,-0.999839,0.015913,0.000000,
							0.999939,-0.008226,0.007351,0.000000,
							-0.007219,0.015973,0.999846,0.000000,
							-6.847696,-16.243237,0.775744,1.000000;;
						}
					}
				}
			}
		}
		Frame thigh_r {
			FrameTransformMatrix {
				-0.911250,-0.411533,0.016228,0.000000,
				0.403940,-0.900734,-0.159720,0.000000,
				0.080347,-0.138990,0.987029,0.000000,
				-3.230861,0.808215,-13.133200,1.000000;;
			}
			Frame calf_r {
				FrameTransformMatrix {
					0.793960,-0.603223,-0.075819,0.000000,
					0.606254,0.794901,0.024253,0.000000,
					0.045639,-0.065222,0.996827,0.000000,
					27.418112,0.542467,-0.322981,1.000000;;
				}
				Frame foot_r {
					FrameTransformMatrix {
						0.937069,0.255128,0.238350,0.000000,
						-0.247246,0.966907,-0.062925,0.000000,
						-0.246517,0.000034,0.969139,0.000000,
						34.662056,-3.020197,-1.231645,1.000000;;
					}
					Frame ball_r {
						FrameTransformMatrix {
							-0.699859,-0.714103,0.015913,0.000000,
							0.714256,-0.699845,0.007351,0.000000,
							0.005887,0.016510,0.999846,0.000000,
							6.847691,16.243235,-0.775746,1.000000;;
						}
					}
				}
			}
		}
		Frame Weapon {
			FrameTransformMatrix {
				0.983327,-0.146591,-0.107602,0.000000,
				0.118623,0.068609,0.990566,0.000000,
				-0.137826,-0.986815,0.084855,0.000000,
				30.628487,-28.221403,-61.638950,1.000000;;
			}
		}
	}
}
Frame WizardBody {
	FrameTransformMatrix {
		0.010000,0.000000,0.000000,0.000000,
		0.000000,-0.000000,0.010000,0.000000,
		0.000000,-0.010000,-0.000000,0.000000,
		0.000000,0.000000,0.000000,1.000000;;
	}
}
AnimationSet Take_001 {
	Animation {
		{root}
		AnimationKey {
			4;
			31;
			0;16;
			0.010000,0.000000,0.000000,0.000000,
			0.000000,-0.000000,0.010000,0.000000,
			0.000000,-0.010000,-0.000000,0.000000,
			0.000000,0.000000,0.000000,1.000000;;,
			1;16;
			0.010000,0.000000,0.000000,0.000000,
			0.000000,-0.000000,0.010000,0.000000,
			0.000000,-0.010000,-0.000000,0.000000,
			0.000000,0.000000,0.000000,1.000000;;,
			2;16;
			0.010000,0.000000,0.000000,0.000000,
			0.000000,-0.000000,0.010000,0.000000,
			0.000000,-0.010000,-0.000000,0.000000,
			0.000000,0.000000,0.000000,1.000000;;,
			3;16;
			0.010000,0.000000,0.000000,0.000000,
			0.000000,-0.000000,0.010000,0.000000,
			0.000000,-0.010000,-0.000000,0.000000,
			0.000000,0.000000,0.000000,1.000000;;,
			4;16;
			0.010000,0.000000,0.000000,0.000000,
			0.000000,-0.000000,0.010000,0.000000,
			0.000000,-0.010000,-0.000000,0.000000,
			0.000000,0.000000,0.000000,1.000000;;,
			5;16;
			0.010000,0.000000,0.000000,0.000000,
			0.000000,-0.000000,0.010000,0.000000,
			0.000000,-0.010000,-0.000000,0.000000,
			0.000000,0.000000,0.000000,1.000000;;,
			6;16;
			0.010000,0.000000,0.000000,0.000000,
			0.000000,-0.000000,0.010000,0.000000,
			0.000000,-0.010000,-0.000000,0.000000,
			0.000000,0.000000,0.000000,1.000000;;,
			7;16;
			0.010000,0.000000,0.000000,0.000000,
			0.000000,-0.000000,0.010000,0.000000,
			0.000000,-0.010000,-0.000000,0.000000,
			0.000000,0.000000,0.000000,1.000000;;,
			8;16;
			0.010000,0.000000,0.000000,0.000000,
			0.000000,-0.000000,0.010000,0.000000,
			0.000000,-0.010000,-0.000000,0.000000,
			0.000000,0.000000,0.000000,1.000000;;,
			9;16;
			0.010000,0.000000,0.000000,0.000000,
			0.000000,-0.000000,0.010000,0.000000,
			0.000000,-0.010000,-0.000000,0.000000,
			0.000000,0.000000,0.000000,1.000000;;,
			10;16;
			0.010000,0.000000,0.000000,0.000000,
			0.000000,-0.000000,0.010000,0.000000,
			0.000000,-0.010000,-0.000000,0.000000,
			0.000000,0.000000,0.000000,1.000000;;,
			11;16;
			0.010000,0.000000,0.000000,0.000000,
			0.000000,-0.000000,0.010000,0.000000,
			0.000000,-0.010000,-0.000000,0.000000,
			0.000000,0.000000,0.000000,1.000000;;,
			12;16;
			0.010000,0.000000,0.000000,0.000000,
			0.000000,-0.000000,0.010000,0.000000,
			0.000000,-0.010000,-0.000000,0.000000,
			0.000000,0.000000,0.000000,1.000000;;,
			13;16;
			0.010000,0.000000,0.000000,0.000000,
			0.000000,-0.000000,0.010000,0.000000,
			0.000000,-0.010000,-0.000000,0.000000,
			0.000000,0.000000,0.000000,1.000000;;,
			14;16;
			0.010000,0.000000,0.000000,0.000000,
			0.000000,-0.000000,0.010000,0.000000,
			0.000000,-0.010000,-0.000000,0.000000,
			0.000000,0.000000,0.000000,1.000000;;,
			15;16;
			0.010000,0.000000,0.000000,0.000000,
			0.000000,-0.000000,0.010000,0.000000,
			0.000000,-0.010000,-0.000000,0.000000,
			0.000000,0.000000,0.000000,1.000000;;,
			16;16;
			0.010000,0.000000,0.000000,0.000000,
			0.000000,-0.000000,0.010000,0.000000,
			0.000000,-0.010000,-0.000000,0.000000,
			0.000000,0.000000,0.000000,1.000000;;,
			17;16;
			0.010000,0.000000,0.000000,0.000000,
			0.000000,-0.000000,0.010000,0.000000,
			0.000000,-0.010000,-0.000000,0.000000,
			0.000000,0.000000,0.000000,1.000000;;,
			18;16;
			0.010000,0.000000,0.000000,0.000000,
			0.000000,-0.000000,0.010000,0.000000,
			0.000000,-0.010000,-0.000000,0.000000,
			0.000000,0.000000,0.000000,1.000000;;,
			19;16;
			0.010000,0.000000,0.000000,0.000000,
			0.000000,-0.000000,0.010000,0.000000,
			0.000000,-0.010000,-0.000000,0.000000,
			0.000000,0.000000,0.000000,1.000000;;,
			20;16;
			0.010000,0.000000,0.000000,0.000000,
			0.000000,-0.000000,0.010000,0.000000,
			0.000000,-0.010000,-0.000000,0.000000,
			0.000000,0.000000,0.000000,1.000000;;,
			21;16;
			0.010000,0.000000,0.000000,0.000000,
			0.000000,-0.000000,0.010000,0.000000,
			0.000000,-0.010000,-0.000000,0.000000,
			0.000000,0.000000,0.000000,1.000000;;,
			22;16;
			0.010000,0.000000,0.000000,0.000000,
			0.000000,-0.000000,0.010000,0.000000,
			0.000000,-0.010000,-0.000000,0.000000,
			0.000000,0.000000,0.000000,1.000000;;,
			23;16;
			0.010000,0.000000,0.000000,0.000000,
			0.000000,-0.000000,0.010000,0.000000,
			0.000000,-0.010000,-0.000000,0.000000,
			0.000000,0.000000,0.000000,1.000000;;,
			24;16;
			0.010000,0.000000,0.000000,0.000000,
			0.000000,-0.000000,0.010000,0.000000,
			0.000000,-0.010000,-0.000000,0.000000,
			0.000000,0.000000,0.000000,1.000000;;,
			25;16;
			0.010000,0.000000,0.000000,0.000000,
			0.000000,-0.000000,0.010000,0.000000,
			0.000000,-0.010000,-0.000000,0.000000,
			0.000000,0.000000,0.000000,1.000000;;,
			26;16;
			0.010000,0.000000,0.000000,0.000000,
			0.000000,-0.000000,0.010000,0.000000,
			0.000000,-0.010000,-0.000000,0.000000,
			0.000000,0.000000,0.000000,1.000000;;,
			27;16;
			0.010000,0.000000,0.000000,0.000000,
			0.000000,-0.000000,0.010000,0.000000,
			0.000000,-0.010000,-0.000000,0.000000,
			0.000000,0.000000,0.000000,1.000000;;,
			28;16;
			0.010000,0.000000,0.000000,0.000000,
			0.000000,-0.000000,0.010000,0.000000,
			0.000000,-0.010000,-0.000000,0.000000,
			0.000000,0.000000,0.000000,1.000000;;,
			29;16;
			0.010000,0.000000,0.000000,0.000000,
			0.000000,-0.000000,0.010000,0.000000,
			0.000000,-0.010000,-0.000000,0.000000,
			0.000000,0.000000,0.000000,1.000000;;,
			30;16;
			0.010000,0.000000,0.000000,0.000000,
			0.000000,-0.000000,0.010000,0.000000,
			0.000000,-0.010000,-0.000000,0.000000,
			0.000000,0.000000,0.000000,1.000000;;;
		}
	}
	Animation {
		{pelvis}
		AnimationKey {
			4;
			31;
			0;16;
			-0.002972,-0.065817,-0.997827,0.000000,
			0.363915,0.929341,-0.062384,0.000000,
			0.931427,-0.363310,0.021190,0.000000,
			0.000000,0.281806,-69.629593,1.000000;;,
			1;16;
			-0.002972,-0.150238,-0.988645,0.000000,
			0.362754,0.921145,-0.141071,0.000000,
			0.931880,-0.359055,0.051762,0.000000,
			0.000000,-1.387214,-67.404236,1.000000;;,
			2;16;
			-0.002972,-0.233388,-0.972379,0.000000,
			0.363915,0.905456,-0.218438,0.000000,
			0.931427,-0.354513,0.082242,0.000000,
			0.000000,-3.056234,-65.178871,1.000000;;,
			3;16;
			-0.003451,-0.122505,-0.992462,0.000000,
			0.357924,0.926565,-0.115616,0.000000,
			0.933744,-0.355625,0.040649,0.000000,
			0.000000,-0.937010,-65.832924,1.000000;;,
			4;16;
			-0.005177,0.088948,-0.996023,0.000000,
			0.357922,0.930213,0.081210,0.000000,
			0.933737,-0.356078,-0.036652,0.000000,
			0.000000,3.283944,-67.047585,1.000000;;,
			5;16;
			-0.002972,0.207673,-0.978194,0.000000,
			0.363915,0.911349,0.192376,0.000000,
			0.931427,-0.355408,-0.078284,0.000000,
			0.000000,6.401546,-67.701630,1.000000;;,
			6;16;
			-0.012559,0.215996,-0.976313,0.000000,
			0.307825,0.929807,0.201747,0.000000,
			0.951360,-0.298000,-0.078167,0.000000,
			0.000000,7.622355,-67.292381,1.000000;;,
			7;16;
			-0.042459,0.217502,-0.975136,0.000000,
			0.170053,0.963348,0.207468,0.000000,
			0.984520,-0.157016,-0.077890,0.000000,
			0.000000,8.367805,-66.316475,1.000000;;,
			8;16;
			-0.078344,0.209840,-0.974592,0.000000,
			0.001147,0.977615,0.210398,0.000000,
			0.996926,0.015366,-0.076831,0.000000,
			0.000000,8.755124,-65.151680,1.000000;;,
			9;16;
			-0.106124,0.197634,-0.974515,0.000000,
			-0.140713,0.967201,0.211474,0.000000,
			0.984346,0.159570,-0.074833,0.000000,
			0.000000,8.901546,-64.175781,1.000000;;,
			10;16;
			-0.114985,0.191647,-0.974705,0.000000,
			-0.200050,0.956642,0.211696,0.000000,
			0.973015,0.219332,-0.071661,0.000000,
			0.000000,8.924302,-63.766525,1.000000;;,
			11;16;
			-0.109650,0.191109,-0.975425,0.000000,
			-0.197091,0.957677,0.209787,0.000000,
			0.974234,0.215250,-0.067344,0.000000,
			0.000000,8.861645,-63.809032,1.000000;;,
			12;16;
			-0.101642,0.187902,-0.976914,0.000000,
			-0.186778,0.960933,0.204261,0.000000,
			0.977130,0.203228,-0.062575,0.000000,
			0.000000,8.682313,-63.930695,1.000000;;,
			13;16;
			-0.091432,0.182085,-0.979023,0.000000,
			-0.169964,0.965861,0.195511,0.000000,
			0.981200,0.184274,-0.057362,0.000000,
			0.000000,8.399271,-64.122711,1.000000;;,
			14;16;
			-0.079587,0.173620,-0.981592,0.000000,
			-0.147210,0.971871,0.183837,0.000000,
			0.985898,0.159131,-0.051789,0.000000,
			0.000000,8.025483,-64.376289,1.000000;;,
			15;16;
			-0.066774,0.162658,-0.984420,0.000000,
			-0.119004,0.978282,0.169716,0.000000,
			0.990646,0.128482,-0.045967,0.000000,
			0.000000,7.573913,-64.682632,1.000000;;,
			16;16;
			-0.053568,0.149171,-0.987359,0.000000,
			-0.086151,0.984402,0.153398,0.000000,
			0.994841,0.093279,-0.039881,0.000000,
			0.000000,7.057523,-65.032951,1.000000;;,
			17;16;
			-0.040735,0.133520,-0.990209,0.000000,
			-0.049410,0.989550,0.135463,0.000000,
			0.997948,0.054444,-0.033712,0.000000,
			0.000000,6.489279,-65.418449,1.000000;;,
			18;16;
			-0.028854,0.115985,-0.992832,0.000000,
			-0.009487,0.993169,0.116300,0.000000,
			0.999539,0.012775,-0.027557,0.000000,
			0.000000,5.882143,-65.830330,1.000000;;,
			19;16;
			-0.018311,0.096856,-0.995130,0.000000,
			0.032586,0.994826,0.096227,0.000000,
			0.999301,-0.030665,-0.021372,0.000000,
			0.000000,5.249081,-66.259796,1.000000;;,
			20;16;
			-0.009491,0.076525,-0.997023,0.000000,
			0.075951,0.994242,0.075588,0.000000,
			0.997066,-0.075008,-0.015249,0.000000,
			0.000000,4.603054,-66.698059,1.000000;;,
			21;16;
			-0.002780,0.055769,-0.998440,0.000000,
			0.119460,0.991312,0.055039,0.000000,
			0.992835,-0.119121,-0.009418,0.000000,
			0.000000,3.957028,-67.136322,1.000000;;,
			22;16;
			0.001821,0.034987,-0.999386,0.000000,
			0.162265,0.986133,0.034818,0.000000,
			0.986746,-0.162228,-0.003881,0.000000,
			0.000000,3.323965,-67.565796,1.000000;;,
			23;16;
			0.004506,0.014764,-0.999881,0.000000,
			0.203168,0.979023,0.015371,0.000000,
			0.979133,-0.203213,0.001412,0.000000,
			0.000000,2.716830,-67.977676,1.000000;;,
			24;16;
			0.005273,-0.004123,-0.999978,0.000000,
			0.241302,0.970446,-0.002728,0.000000,
			0.970436,-0.241283,0.006112,0.000000,
			0.000000,2.148585,-68.363174,1.000000;;,
			25;16;
			0.004698,-0.021378,-0.999760,0.000000,
			0.275661,0.961062,-0.019255,0.000000,
			0.961243,-0.275504,0.010408,0.000000,
			0.000000,1.632197,-68.713486,1.000000;;,
			26;16;
			0.003164,-0.036424,-0.999331,0.000000,
			0.305476,0.951603,-0.033717,0.000000,
			0.952195,-0.305165,0.014137,0.000000,
			0.000000,1.180626,-69.019836,1.000000;;,
			27;16;
			0.001055,-0.048684,-0.998814,0.000000,
			0.329930,0.942903,-0.045611,0.000000,
			0.944005,-0.329490,0.017057,0.000000,
			0.000000,0.806838,-69.273415,1.000000;;,
			28;16;
			-0.000959,-0.057971,-0.998318,0.000000,
			0.348329,0.935777,-0.054674,0.000000,
			0.937372,-0.347795,0.019296,0.000000,
			0.000000,0.523796,-69.465424,1.000000;;,
			29;16;
			-0.002397,-0.063808,-0.997959,0.000000,
			0.359894,0.931037,-0.060394,0.000000,
			0.932990,-0.359304,0.020733,0.000000,
			0.000000,0.344464,-69.587090,1.000000;;,
			30;16;
			-0.002972,-0.065817,-0.997827,0.000000,
			0.363915,0.929341,-0.062384,0.000000,
			0.931427,-0.363310,0.021190,0.000000,
			0.000000,0.281806,-69.629593,1.000000;;;
		}
	}
	Animation {
		{spine_01}
		AnimationKey {
			4;
			31;
			0;16;
			0.988684,-0.149080,0.016681,0.000000,
			0.149764,0.987306,-0.052890,0.000000,
			-0.008585,0.054790,0.998461,0.000000,
			11.897056,-2.768344,-0.000000,1.000000;;,
			1;16;
			0.972167,-0.233337,0.021091,0.000000,
			0.234134,0.970847,-0.051354,0.000000,
			-0.008493,0.054863,0.998458,0.000000,
			11.897056,-2.768344,-0.000000,1.000000;;,
			2;16;
			0.948465,-0.315853,0.025499,0.000000,
			0.316765,0.947220,-0.049339,0.000000,
			-0.008570,0.054873,0.998457,0.000000,
			11.897056,-2.768344,-0.000000,1.000000;;,
			3;16;
			0.975877,-0.217372,0.020324,0.000000,
			0.218151,0.974548,-0.051642,0.000000,
			-0.008581,0.054830,0.998459,0.000000,
			11.897056,-2.768344,-0.000000,1.000000;;,
			4;16;
			0.999675,-0.023486,0.009874,0.000000,
			0.023991,0.998219,-0.054618,0.000000,
			-0.008574,0.054837,0.998458,0.000000,
			11.897056,-2.768344,-0.000000,1.000000;;,
			5;16;
			0.995114,0.098685,0.003068,0.000000,
			-0.098365,0.993608,-0.055386,0.000000,
			-0.008514,0.054814,0.998460,0.000000,
			11.897056,-2.768344,-0.000000,1.000000;;,
			6;16;
			0.992407,0.122982,0.001725,0.000000,
			-0.122697,0.990892,-0.055482,0.000000,
			-0.008533,0.054849,0.998458,0.000000,
			11.897056,-2.768344,-0.000000,1.000000;;,
			7;16;
			0.990485,0.137620,0.000863,0.000000,
			-0.137361,0.988966,-0.055482,0.000000,
			-0.008489,0.054836,0.998459,0.000000,
			11.897056,-2.768344,-0.000000,1.000000;;,
			8;16;
			0.989400,0.145213,0.000479,0.000000,
			-0.144963,0.987880,-0.055482,0.000000,
			-0.008530,0.054825,0.998460,0.000000,
			11.897056,-2.768344,-0.000000,1.000000;;,
			9;16;
			0.988993,0.147963,0.000287,0.000000,
			-0.147720,0.987472,-0.055482,0.000000,
			-0.008493,0.054829,0.998460,0.000000,
			11.897056,-2.768344,-0.000000,1.000000;;,
			10;16;
			0.988936,0.148343,0.000287,0.000000,
			-0.148098,0.987415,-0.055482,0.000000,
			-0.008514,0.054826,0.998460,0.000000,
			11.897056,-2.768344,-0.000000,1.000000;;,
			11;16;
			0.989247,0.146256,0.000383,0.000000,
			-0.146010,0.987726,-0.055482,0.000000,
			-0.008493,0.054830,0.998460,0.000000,
			11.897056,-2.768344,-0.000000,1.000000;;,
			12;16;
			0.990139,0.140089,0.000767,0.000000,
			-0.139831,0.988620,-0.055482,0.000000,
			-0.008530,0.054828,0.998459,0.000000,
			11.897056,-2.768344,-0.000000,1.000000;;,
			13;16;
			0.991461,0.130400,0.001342,0.000000,
			-0.130125,0.989944,-0.055482,0.000000,
			-0.008563,0.054834,0.998459,0.000000,
			11.897056,-2.768344,-0.000000,1.000000;;,
			14;16;
			0.993064,0.117556,0.002013,0.000000,
			-0.117265,0.991550,-0.055482,0.000000,
			-0.008518,0.054861,0.998458,0.000000,
			11.897056,-2.768344,-0.000000,1.000000;;,
			15;16;
			0.994768,0.102119,0.002876,0.000000,
			-0.101804,0.993261,-0.055386,0.000000,
			-0.008513,0.054804,0.998461,0.000000,
			11.897056,-2.768344,-0.000000,1.000000;;,
			16;16;
			0.996427,0.084364,0.003931,0.000000,
			-0.084018,0.994924,-0.055386,0.000000,
			-0.008584,0.054858,0.998457,0.000000,
			11.897056,-2.768344,-0.000000,1.000000;;,
			17;16;
			0.997888,0.064765,0.004985,0.000000,
			-0.064391,0.996392,-0.055290,0.000000,
			-0.008548,0.054852,0.998458,0.000000,
			11.897056,-2.768344,-0.000000,1.000000;;,
			18;16;
			0.999021,0.043800,0.006136,0.000000,
			-0.043395,0.997532,-0.055194,0.000000,
			-0.008538,0.054874,0.998457,0.000000,
			11.897056,-2.768344,-0.000000,1.000000;;,
			19;16;
			0.999732,0.021953,0.007382,0.000000,
			-0.021514,0.998254,-0.055002,0.000000,
			-0.008577,0.054829,0.998459,0.000000,
			11.897056,-2.768344,-0.000000,1.000000;;,
			20;16;
			0.999963,-0.000383,0.008533,0.000000,
			0.000850,0.998496,-0.054810,0.000000,
			-0.008499,0.054815,0.998460,0.000000,
			11.897056,-2.768344,-0.000000,1.000000;;,
			21;16;
			0.999696,-0.022623,0.009779,0.000000,
			0.023124,0.998239,-0.054618,0.000000,
			-0.008526,0.054827,0.998459,0.000000,
			11.897056,-2.768344,-0.000000,1.000000;;,
			22;16;
			0.998946,-0.044564,0.011025,0.000000,
			0.045100,0.997499,-0.054426,0.000000,
			-0.008572,0.054866,0.998457,0.000000,
			11.897056,-2.768344,-0.000000,1.000000;;,
			23;16;
			0.997784,-0.065430,0.012080,0.000000,
			0.065991,0.996350,-0.054138,0.000000,
			-0.008493,0.054815,0.998460,0.000000,
			11.897056,-2.768344,-0.000000,1.000000;;,
			24;16;
			0.996291,-0.085025,0.013230,0.000000,
			0.085620,0.994866,-0.053946,0.000000,
			-0.008576,0.054879,0.998456,0.000000,
			11.897056,-2.768344,-0.000000,1.000000;;,
			25;16;
			0.994603,-0.102776,0.014189,0.000000,
			0.103396,0.993192,-0.053658,0.000000,
			-0.008577,0.054836,0.998459,0.000000,
			11.897056,-2.768344,-0.000000,1.000000;;,
			26;16;
			0.992865,-0.118305,0.014956,0.000000,
			0.118943,0.991461,-0.053466,0.000000,
			-0.008503,0.054863,0.998458,0.000000,
			11.897056,-2.768344,-0.000000,1.000000;;,
			27;16;
			0.991240,-0.131144,0.015627,0.000000,
			0.131799,0.989844,-0.053274,0.000000,
			-0.008481,0.054867,0.998458,0.000000,
			11.897056,-2.768344,-0.000000,1.000000;;,
			28;16;
			0.989901,-0.140829,0.016202,0.000000,
			0.141501,0.988514,-0.053082,0.000000,
			-0.008540,0.054838,0.998459,0.000000,
			11.897056,-2.768344,-0.000000,1.000000;;,
			29;16;
			0.989014,-0.146900,0.016490,0.000000,
			0.147578,0.987630,-0.052986,0.000000,
			-0.008502,0.054837,0.998459,0.000000,
			11.897056,-2.768344,-0.000000,1.000000;;,
			30;16;
			0.988684,-0.149080,0.016681,0.000000,
			0.149764,0.987306,-0.052890,0.000000,
			-0.008585,0.054790,0.998461,0.000000,
			11.897056,-2.768344,-0.000000,1.000000;;;
		}
	}
	Animation {
		{spine_02}
		AnimationKey {
			4;
			31;
			0;16;
			0.969220,0.245940,-0.011217,0.000000,
			-0.246097,0.966544,-0.072317,0.000000,
			-0.006944,0.072851,0.997319,0.000000,
			14.500739,1.261342,-0.000000,1.000000;;,
			1;16;
			0.985457,0.169923,-0.001055,0.000000,
			-0.169923,0.985386,-0.011888,0.000000,
			-0.000981,0.011894,0.999929,0.000000,
			14.500739,1.261342,-0.000000,1.000000;;,
			2;16;
			0.995730,0.092194,0.004698,0.000000,
			-0.092314,0.994458,0.050312,0.000000,
			-0.000033,-0.050531,0.998722,0.000000,
			14.500739,1.261342,-0.000000,1.000000;;,
			3;16;
			0.991125,0.131322,0.020611,0.000000,
			-0.132222,0.989904,0.051068,0.000000,
			-0.013697,-0.053340,0.998483,0.000000,
			14.500739,1.261342,-0.000000,1.000000;;,
			4;16;
			0.976935,0.209560,0.041023,0.000000,
			-0.211430,0.976201,0.048261,0.000000,
			-0.029933,-0.055821,0.997992,0.000000,
			14.500739,1.261342,-0.000000,1.000000;;,
			5;16;
			0.962077,0.267037,0.055674,0.000000,
			-0.269569,0.961961,0.044306,0.000000,
			-0.041725,-0.057634,0.997465,0.000000,
			14.500739,1.261342,-0.000000,1.000000;;,
			6;16;
			0.954775,0.290528,0.063234,0.000000,
			-0.293407,0.955056,0.042183,0.000000,
			-0.048137,-0.058829,0.997107,0.000000,
			14.500739,1.261342,-0.000000,1.000000;;,
			7;16;
			0.949570,0.305939,0.068687,0.000000,
			-0.309077,0.950164,0.040734,0.000000,
			-0.052802,-0.059910,0.996806,0.000000,
			14.500739,1.261342,-0.000000,1.000000;;,
			8;16;
			0.946386,0.314859,0.072226,0.000000,
			-0.318165,0.947201,0.039769,0.000000,
			-0.055891,-0.060616,0.996595,0.000000,
			14.500739,1.261342,-0.000000,1.000000;;,
			9;16;
			0.944818,0.319073,0.074234,0.000000,
			-0.322484,0.945755,0.039381,0.000000,
			-0.057642,-0.061147,0.996463,0.000000,
			14.500739,1.261342,-0.000000,1.000000;;,
			10;16;
			0.944403,0.320144,0.074903,0.000000,
			-0.323591,0.945381,0.039283,0.000000,
			-0.058235,-0.061337,0.996417,0.000000,
			14.500739,1.261342,-0.000000,1.000000;;,
			11;16;
			0.944634,0.319617,0.074234,0.000000,
			-0.322978,0.945622,0.038521,0.000000,
			-0.057885,-0.060364,0.996497,0.000000,
			14.500739,1.261342,-0.000000,1.000000;;,
			12;16;
			0.945233,0.318305,0.072226,0.000000,
			-0.321420,0.946240,0.036329,0.000000,
			-0.056779,-0.057554,0.996726,0.000000,
			14.500739,1.261342,-0.000000,1.000000;;,
			13;16;
			0.946169,0.316198,0.069166,0.000000,
			-0.318948,0.947201,0.032896,0.000000,
			-0.055112,-0.053185,0.997063,0.000000,
			14.500739,1.261342,-0.000000,1.000000;;,
			14;16;
			0.947361,0.313470,0.065148,0.000000,
			-0.315765,0.948415,0.028315,0.000000,
			-0.052911,-0.047396,0.997474,0.000000,
			14.500739,1.261342,-0.000000,1.000000;;,
			15;16;
			0.948847,0.309929,0.060268,0.000000,
			-0.311720,0.949901,0.022775,0.000000,
			-0.050190,-0.040396,0.997922,0.000000,
			14.500739,1.261342,-0.000000,1.000000;;,
			16;16;
			0.950475,0.305929,0.054812,0.000000,
			-0.307204,0.951503,0.016369,0.000000,
			-0.047146,-0.032397,0.998362,0.000000,
			14.500739,1.261342,-0.000000,1.000000;;,
			17;16;
			0.952225,0.301462,0.048876,0.000000,
			-0.302243,0.953186,0.009289,0.000000,
			-0.043788,-0.023617,0.998762,0.000000,
			14.500739,1.261342,-0.000000,1.000000;;,
			18;16;
			0.954077,0.296523,0.042555,0.000000,
			-0.296858,0.954920,0.001628,0.000000,
			-0.040153,-0.014186,0.999093,0.000000,
			14.500739,1.261342,-0.000000,1.000000;;,
			19;16;
			0.955981,0.291195,0.036136,0.000000,
			-0.291157,0.956654,-0.006419,0.000000,
			-0.036439,-0.004385,0.999326,0.000000,
			14.500739,1.261342,-0.000000,1.000000;;,
			20;16;
			0.957846,0.285752,0.029620,0.000000,
			-0.285428,0.958287,-0.014758,0.000000,
			-0.032602,0.005681,0.999452,0.000000,
			14.500739,1.261342,-0.000000,1.000000;;,
			21;16;
			0.959690,0.280101,0.023199,0.000000,
			-0.279585,0.959841,-0.023193,0.000000,
			-0.028764,0.015772,0.999462,0.000000,
			14.500739,1.261342,-0.000000,1.000000;;,
			22;16;
			0.961432,0.274518,0.016969,0.000000,
			-0.273909,0.961242,-0.031437,0.000000,
			-0.024941,0.025576,0.999362,0.000000,
			14.500739,1.261342,-0.000000,1.000000;;,
			23;16;
			0.963073,0.269005,0.011217,0.000000,
			-0.268386,0.962502,-0.039487,0.000000,
			-0.021418,0.035019,0.999157,0.000000,
			14.500739,1.261342,-0.000000,1.000000;;,
			24;16;
			0.964573,0.263750,0.005848,0.000000,
			-0.263197,0.963594,-0.047055,0.000000,
			-0.018046,0.043849,0.998875,0.000000,
			14.500739,1.261342,-0.000000,1.000000;;,
			25;16;
			0.965892,0.258942,0.001055,0.000000,
			-0.258510,0.964501,-0.053951,0.000000,
			-0.014987,0.051838,0.998543,0.000000,
			14.500739,1.261342,-0.000000,1.000000;;,
			26;16;
			0.967045,0.254586,-0.003164,0.000000,
			-0.254312,0.965255,-0.060076,0.000000,
			-0.012241,0.058901,0.998189,0.000000,
			14.500739,1.261342,-0.000000,1.000000;;,
			27;16;
			0.967950,0.251057,-0.006519,0.000000,
			-0.250940,0.965808,-0.065146,0.000000,
			-0.010059,0.064694,0.997854,0.000000,
			14.500739,1.261342,-0.000000,1.000000;;,
			28;16;
			0.968649,0.248267,-0.009108,0.000000,
			-0.248295,0.966226,-0.068971,0.000000,
			-0.008323,0.069071,0.997577,0.000000,
			14.500739,1.261342,-0.000000,1.000000;;,
			29;16;
			0.969085,0.246499,-0.010642,0.000000,
			-0.246619,0.966474,-0.071457,0.000000,
			-0.007329,0.071872,0.997387,0.000000,
			14.500739,1.261342,-0.000000,1.000000;;,
			30;16;
			0.969220,0.245940,-0.011217,0.000000,
