xof 0303txt 0032
Frame root {
	FrameTransformMatrix {
		0.010000,0.000000,0.000000,0.000000,
		0.000000,-0.000000,0.010000,0.000000,
		0.000000,-0.010000,-0.000000,0.000000,
		0.000000,0.000000,0.000000,1.000000;;
	}
	Frame pelvis {
		FrameTransformMatrix {
			0.006870,-0.042287,-0.999082,0.000000,
			-0.003794,0.999097,-0.042314,0.000000,
			0.999969,0.004081,0.006703,0.000000,
			0.000000,0.281806,-73.443184,1.000000;;
		}
		Frame spine_01 {
			FrameTransformMatrix {
				0.988439,-0.151598,-0.002664,0.000000,
				0.151617,0.988388,0.010035,0.000000,
				0.001112,-0.010323,0.999946,0.000000,
				11.897056,-2.768344,-0.000000,1.000000;;
			}
			Frame spine_02 {
				FrameTransformMatrix {
					0.952473,0.304402,0.011619,0.000000,
					-0.304620,0.951955,0.031444,0.000000,
					-0.001490,-0.033489,0.999438,0.000000,
					14.500739,1.261342,-0.000000,1.000000;;
				}
				Frame spine_03 {
					FrameTransformMatrix {
						0.996790,0.080065,-0.000000,0.000000,
						-0.080065,0.996790,-0.000000,0.000000,
						0.000000,0.000000,1.000000,0.000000,
						12.496109,0.321524,-0.000000,1.000000;;
					}
					Frame neck_01 {
						FrameTransformMatrix {
							0.917531,-0.394457,0.050405,0.000000,
							0.397251,0.914961,-0.070982,0.000000,
							-0.018119,0.085151,0.996203,0.000000,
							21.878693,0.005165,-0.000000,1.000000;;
						}
						Frame head {
							FrameTransformMatrix {
								0.981679,0.190542,0.000000,0.000000,
								-0.190542,0.981679,0.000000,0.000000,
								0.000000,0.000000,1.000000,0.000000,
								25.710386,0.140607,-0.000000,1.000000;;
							}
							Frame Hair01_l {
								FrameTransformMatrix {
									-0.874633,-0.465285,0.136112,0.000000,
									-0.458838,0.885146,0.077362,0.000000,
									-0.156475,0.005210,-0.987668,0.000000,
									-2.802900,-2.445666,17.216135,1.000000;;
								}
								Frame Hair02_l {
									FrameTransformMatrix {
										0.906550,-0.422014,-0.008480,0.000000,
										0.421494,0.906143,-0.035312,0.000000,
										0.022586,0.028438,0.999340,0.000000,
										17.107462,0.000000,0.000000,1.000000;;
									}
									Frame Hair03_l {
										FrameTransformMatrix {
											-0.000485,0.184884,-0.982760,0.000000,
											-0.793430,0.598098,0.112910,0.000000,
											0.608662,0.779806,0.146402,0.000000,
											17.868711,0.000000,-0.000000,1.000000;;
										}
									}
								}
							}
							Frame Hair01_r {
								FrameTransformMatrix {
									0.864593,0.460226,0.201671,0.000000,
									0.445818,-0.887754,0.114624,0.000000,
									0.231787,-0.009194,-0.972723,0.000000,
									-2.802879,-2.445665,-17.216101,1.000000;;
								}
								Frame Hair02_r {
									FrameTransformMatrix {
										0.903855,-0.427773,0.007552,0.000000,
										0.427806,0.903422,-0.028492,0.000000,
										0.005366,0.028984,0.999566,0.000000,
										-17.107590,-0.000088,0.000030,1.000000;;
									}
									Frame Hair03_r {
										FrameTransformMatrix {
											-0.000485,0.184884,-0.982760,0.000000,
											-0.793430,0.598098,0.112910,0.000000,
											0.608662,0.779806,0.146402,0.000000,
											-17.868824,-0.000087,-0.000017,1.000000;;
										}
									}
								}
							}
						}
					}
					Frame clavicle_l {
						FrameTransformMatrix {
							-0.132891,0.446703,0.884758,0.000000,
							0.261614,0.876826,-0.403403,0.000000,
							-0.955980,0.177857,-0.233386,0.000000,
							8.485651,-3.456696,9.015220,1.000000;;
						}
						Frame upperarm_l {
							FrameTransformMatrix {
								0.589644,-0.351328,0.727248,0.000000,
								0.517759,0.855502,-0.006506,0.000000,
								-0.619876,0.380375,0.686344,0.000000,
								12.778380,-0.000000,-0.000000,1.000000;;
							}
							Frame lowerarm_l {
								FrameTransformMatrix {
									0.690220,-0.723599,0.000034,0.000000,
									0.723599,0.690220,-0.000001,0.000000,
									-0.000023,0.000025,1.000000,0.000000,
									35.128559,1.515315,-0.004476,1.000000;;
								}
								Frame hand_l {
									FrameTransformMatrix {
										0.962852,0.011812,-0.269769,0.000000,
										0.262460,-0.275803,0.924688,0.000000,
										-0.063481,-0.961142,-0.268657,0.000000,
										23.148167,-0.587805,0.000000,1.000000;;
									}
									Frame thumb_01_l {
										FrameTransformMatrix {
											0.507235,0.428491,0.747735,0.000000,
											0.775189,0.152253,-0.613108,0.000000,
											-0.376556,0.890626,-0.254933,0.000000,
											7.761036,2.573662,8.277136,1.000000;;
										}
										Frame thumb_02_l {
											FrameTransformMatrix {
												0.756015,0.635321,0.157508,0.000000,
												-0.637771,0.769127,-0.041126,0.000000,
												-0.147272,-0.069362,0.986661,0.000000,
												9.421203,-0.593851,-0.083314,1.000000;;
											}
											Frame thumb_03_l {
												FrameTransformMatrix {
													0.996908,0.056475,0.054638,0.000000,
													-0.056363,0.998404,-0.003600,0.000000,
													-0.054754,0.000509,0.998500,0.000000,
													8.910820,-0.377085,-0.058631,1.000000;;
												}
											}
										}
									}
									Frame index_01_l {
										FrameTransformMatrix {
											0.817797,0.575151,0.020244,0.000000,
											-0.565313,0.809404,-0.159017,0.000000,
											-0.107845,0.118599,0.987068,0.000000,
											16.470049,-1.438421,6.613763,1.000000;;
										}
										Frame index_02_l {
											FrameTransformMatrix {
												0.733885,0.679230,0.007690,0.000000,
												-0.679231,0.733919,-0.002970,0.000000,
												-0.007661,-0.003044,0.999966,0.000000,
												9.508547,-0.644083,0.623717,1.000000;;
											}
											Frame index_03_l {
												FrameTransformMatrix {
													0.999086,0.000000,0.042746,0.000000,
													0.001634,0.999269,-0.038183,0.000000,
													-0.042715,0.038218,0.998356,0.000000,
													6.657951,-1.016678,0.346394,1.000000;;
												}
											}
										}
									}
									Frame ring_01_l {
										FrameTransformMatrix {
											0.798248,0.602281,-0.007590,0.000000,
											-0.602256,0.798284,0.005596,0.000000,
											0.009429,0.000104,0.999956,0.000000,
											17.496222,-2.933048,-3.587839,1.000000;;
										}
										Frame ring_02_l {
											FrameTransformMatrix {
												0.772432,0.634515,-0.027199,0.000000,
												-0.635096,0.771834,-0.030417,0.000000,
												0.001693,0.040769,0.999167,0.000000,
												8.391934,-0.606711,-0.010261,1.000000;;
											}
											Frame ring_03_l {
												FrameTransformMatrix {
													0.999811,0.000000,0.019435,0.000000,
													0.000000,1.000000,0.000000,0.000000,
													-0.019435,0.000000,0.999811,0.000000,
													7.046853,-1.159921,0.318573,1.000000;;
												}
											}
										}
									}
								}
							}
						}
						Frame Shoulder_l {
							FrameTransformMatrix {
								0.819207,-0.373515,-0.435185,0.000000,
								0.414860,0.909885,0.000000,0.000000,
								0.395968,-0.180541,0.900341,0.000000,
								10.304173,0.218627,-8.783108,1.000000;;
							}
							Frame FrontGarment01_l {
								FrameTransformMatrix {
									-0.188265,-0.169148,0.967443,0.000000,
									0.157901,0.967030,0.199803,0.000000,
									-0.969342,0.190376,-0.155349,0.000000,
									6.505432,-12.660301,4.465258,1.000000;;
								}
								Frame FrontGarment02_l {
									FrameTransformMatrix {
										0.969420,-0.176521,-0.170486,0.000000,
										0.174738,0.984284,-0.025528,0.000000,
										0.172313,-0.005043,0.985029,0.000000,
										41.093178,0.000000,0.000000,1.000000;;
									}
									Frame FrontGarment03_l {
										FrameTransformMatrix {
											0.999928,-0.009892,-0.006751,0.000000,
											0.009883,0.999950,-0.001354,0.000000,
											0.006764,0.001288,0.999976,0.000000,
											41.610046,-0.000000,0.000000,1.000000;;
										}
									}
								}
							}
							Frame RearGarment01_l {
								FrameTransformMatrix {
									0.008838,0.262693,0.964839,0.000000,
									-0.002406,0.964879,-0.262682,0.000000,
									-0.999958,0.000000,0.009160,0.000000,
									-1.554315,15.130317,1.799134,1.000000;;
								}
								Frame RearGarment02_l {
									FrameTransformMatrix {
										0.999712,0.003251,-0.023780,0.000000,
										-0.003096,0.999974,0.006555,0.000000,
										0.023800,-0.006480,0.999696,0.000000,
										36.183285,-0.000000,0.000000,1.000000;;
									}
									Frame RearGarment03_l {
										FrameTransformMatrix {
											0.992358,-0.095799,0.077776,0.000000,
											0.097131,0.995180,-0.013528,0.000000,
											-0.076105,0.020980,0.996879,0.000000,
											40.224743,0.000000,-0.000000,1.000000;;
										}
										Frame RearGarment04_l {
											FrameTransformMatrix {
												0.999847,0.015555,0.007965,0.000000,
												-0.015543,0.999878,-0.001513,0.000000,
												-0.007988,0.001389,0.999967,0.000000,
												42.256981,0.000000,0.000000,1.000000;;
											}
										}
									}
								}
							}
							Frame ShoulderPad_l {
								FrameTransformMatrix {
									0.815007,0.000000,0.579451,0.000000,
									0.000000,1.000000,0.000000,0.000000,
									-0.579451,0.000000,0.815007,0.000000,
									19.415880,0.831213,4.394761,1.000000;;
								}
							}
						}
					}
					Frame clavicle_r {
						FrameTransformMatrix {
							0.132891,-0.446703,0.884758,0.000000,
							-0.261615,-0.876826,-0.403403,0.000000,
							0.955980,-0.177857,-0.233386,0.000000,
							8.485809,-3.456726,-9.015220,1.000000;;
						}
						Frame upperarm_r {
							FrameTransformMatrix {
								0.531101,-0.415742,0.738302,0.000000,
								0.622475,0.782608,-0.007089,0.000000,
								-0.574854,0.463340,0.674433,0.000000,
								-12.778482,0.000044,-0.000437,1.000000;;
							}
							Frame lowerarm_r {
								FrameTransformMatrix {
									0.834291,-0.551324,0.000028,0.000000,
									0.551324,0.834291,-0.000007,0.000000,
									-0.000019,0.000022,1.000000,0.000000,
									-35.128563,-1.515309,0.004754,1.000000;;
								}
								Frame hand_r {
									FrameTransformMatrix {
										0.834756,0.393998,-0.384639,0.000000,
										0.506516,-0.275533,0.817021,0.000000,
										0.215924,-0.876839,-0.429569,0.000000,
										-23.148169,0.587807,0.000246,1.000000;;
									}
									Frame thumb_01_r {
										FrameTransformMatrix {
											-0.132956,0.379465,0.915603,0.000000,
											0.974792,0.217071,0.051587,0.000000,
											-0.179176,0.899381,-0.398761,0.000000,
											-7.761057,-2.573982,-8.277136,1.000000;;
										}
										Frame thumb_02_r {
											FrameTransformMatrix {
												0.031839,0.947397,0.318475,0.000000,
												-0.998292,0.045760,-0.036323,0.000000,
												-0.048985,-0.316774,0.947235,0.000000,
												-9.421142,0.593876,0.083643,1.000000;;
											}
											Frame thumb_03_r {
												FrameTransformMatrix {
													0.996908,0.056475,0.054638,0.000000,
													-0.056363,0.998404,-0.003600,0.000000,
													-0.054754,0.000509,0.998500,0.000000,
													-8.910397,0.377178,0.058603,1.000000;;
												}
											}
										}
									}
									Frame index_01_r {
										FrameTransformMatrix {
											0.224827,0.974188,0.020244,0.000000,
											-0.961260,0.225148,-0.159017,0.000000,
											-0.159470,0.016291,0.987068,0.000000,
											-16.470009,1.438024,-6.613760,1.000000;;
										}
										Frame index_02_r {
											FrameTransformMatrix {
												-0.211962,0.977248,0.007690,0.000000,
												-0.977277,-0.211945,-0.002970,0.000000,
												-0.001273,-0.008144,0.999966,0.000000,
												-9.508614,0.643767,-0.623766,1.000000;;
											}
											Frame index_03_r {
												FrameTransformMatrix {
													0.999086,-0.000000,0.042746,0.000000,
													0.001634,0.999269,-0.038183,0.000000,
													-0.042715,0.038218,0.998356,0.000000,
													-6.657835,1.017637,-0.346229,1.000000;;
												}
											}
										}
									}
									Frame ring_01_r {
										FrameTransformMatrix {
											0.172474,0.984985,-0.007590,0.000000,
											-0.984990,0.172518,0.005596,0.000000,
											0.006822,0.006511,0.999956,0.000000,
											-17.496218,2.933113,3.587840,1.000000;;
										}
										Frame ring_02_r {
											FrameTransformMatrix {
												-0.082666,0.996206,-0.027199,0.000000,
												-0.996045,-0.083483,-0.030417,0.000000,
												-0.032572,0.024577,0.999167,0.000000,
												-8.392414,0.606222,0.010262,1.000000;;
											}
											Frame ring_03_r {
												FrameTransformMatrix {
													0.999811,0.000000,0.019435,0.000000,
													0.000000,1.000000,0.000000,0.000000,
													-0.019435,0.000000,0.999811,0.000000,
													-7.046180,1.160231,-0.318541,1.000000;;
												}
											}
										}
									}
								}
							}
						}
						Frame Shoulder_r {
							FrameTransformMatrix {
								0.819207,-0.373515,-0.435185,0.000000,
								0.414860,0.909885,0.000000,0.000000,
								0.395968,-0.180541,0.900341,0.000000,
								-10.304314,-0.218563,8.782545,1.000000;;
							}
							Frame FrontGarment01_r {
								FrameTransformMatrix {
									-0.191262,-0.206391,0.959594,0.000000,
									-0.061312,0.978246,0.198182,0.000000,
									-0.979622,-0.020930,-0.199755,0.000000,
									-6.505545,12.660254,-4.464426,1.000000;;
								}
								Frame FrontGarment02_r {
									FrameTransformMatrix {
										0.991437,0.034796,-0.125865,0.000000,
										-0.038400,0.998916,-0.026324,0.000000,
										0.124813,0.030932,0.991698,0.000000,
										-41.093552,-0.000013,0.000059,1.000000;;
									}
									Frame FrontGarment03_r {
										FrameTransformMatrix {
											0.999928,-0.009892,-0.006751,0.000000,
											0.009883,0.999950,-0.001354,0.000000,
											0.006764,0.001288,0.999976,0.000000,
											-41.610119,-0.000034,-0.000061,1.000000;;
										}
									}
								}
							}
							Frame RearGarment01_r {
								FrameTransformMatrix {
									0.013719,0.262693,0.964782,0.000000,
									-0.003735,0.964879,-0.262666,0.000000,
									-0.999899,0.000000,0.014218,0.000000,
									1.554375,-15.130346,-1.799159,1.000000;;
								}
								Frame RearGarment02_r {
									FrameTransformMatrix {
										0.999579,0.003251,-0.028836,0.000000,
										-0.003062,0.999974,0.006571,0.000000,
										0.028857,-0.006480,0.999563,0.000000,
										-36.182835,-0.000128,0.000127,1.000000;;
									}
									Frame RearGarment03_r {
										FrameTransformMatrix {
											0.992738,-0.095799,0.072755,0.000000,
											0.097062,0.995180,-0.014020,0.000000,
											-0.071061,0.020980,0.997251,0.000000,
											-40.224739,0.000081,0.000045,1.000000;;
										}
										Frame RearGarment04_r {
											FrameTransformMatrix {
												0.999847,0.015555,0.007965,0.000000,
												-0.015543,0.999878,-0.001513,0.000000,
												-0.007988,0.001389,0.999967,0.000000,
												-42.257042,-0.000060,-0.000074,1.000000;;
											}
										}
									}
								}
							}
							Frame ShoulderPad_r {
								FrameTransformMatrix {
									0.795940,-0.000000,0.605376,0.000000,
									0.000000,1.000000,0.000000,0.000000,
									-0.605376,-0.000000,0.795940,0.000000,
									-19.474693,-0.822120,-4.124727,1.000000;;
								}
							}
						}
					}
				}
			}
		}
		Frame thigh_l {
			FrameTransformMatrix {
				0.967301,0.239263,-0.084154,0.000000,
				-0.247661,0.962592,-0.109911,0.000000,
				0.054709,0.127159,0.990372,0.000000,
				-3.230826,0.808217,13.133170,1.000000;;
			}
			Frame calf_l {
				FrameTransformMatrix {
					0.948688,-0.314466,-0.033202,0.000000,
					0.315513,0.948340,0.033203,0.000000,
					0.021045,-0.041974,0.998897,0.000000,
					-27.418129,-0.542472,0.323017,1.000000;;
				}
				Frame foot_l {
					FrameTransformMatrix {
						0.988640,0.097787,0.114141,0.000000,
						-0.097350,0.995206,-0.009416,0.000000,
						-0.114515,-0.001803,0.993420,0.000000,
						-34.662071,3.020201,1.231595,1.000000;;
					}
					Frame ball_l {
						FrameTransformMatrix {
							-0.008342,-0.999839,0.015913,0.000000,
							0.999939,-0.008226,0.007351,0.000000,
							-0.007219,0.015973,0.999846,0.000000,
							-6.847696,-16.243237,0.775744,1.000000;;
						}
					}
				}
			}
		}
		Frame thigh_r {
			FrameTransformMatrix {
				-0.998211,-0.052422,-0.028762,0.000000,
				0.056432,-0.984956,-0.163330,0.000000,
				-0.019768,-0.164661,0.986152,0.000000,
				-3.230861,0.808215,-13.133200,1.000000;;
			}
			Frame calf_r {
				FrameTransformMatrix {
					0.983262,-0.181546,-0.015411,0.000000,
					0.182003,0.982604,0.036927,0.000000,
					0.008439,-0.039114,0.999199,0.000000,
					27.418112,0.542467,-0.322981,1.000000;;
				}
				Frame foot_r {
					FrameTransformMatrix {
						0.979764,0.144698,0.138293,0.000000,
						-0.140340,0.989262,-0.040817,0.000000,
						-0.142714,0.020583,0.989550,0.000000,
						34.662056,-3.020197,-1.231645,1.000000;;
					}
					Frame ball_r {
						FrameTransformMatrix {
							-0.699859,-0.714103,0.015913,0.000000,
							0.714256,-0.699845,0.007351,0.000000,
							0.005887,0.016510,0.999846,0.000000,
							6.847691,16.243235,-0.775746,1.000000;;
						}
					}
				}
			}
		}
		Frame Weapon {
			FrameTransformMatrix {
				0.952433,0.220549,0.210306,0.000000,
				-0.179301,0.963565,-0.198478,0.000000,
				-0.246418,0.151329,0.957276,0.000000,
				-17.044708,-1.233293,-48.150013,1.000000;;
			}
		}
	}
}
Frame WizardBody {
	FrameTransformMatrix {
		0.010000,0.000000,0.000000,0.000000,
		0.000000,-0.000000,0.010000,0.000000,
		0.000000,-0.010000,-0.000000,0.000000,
		0.000000,0.000000,0.000000,1.000000;;
	}
}
AnimationSet Take_001 {
	Animation {
		{root}
		AnimationKey {
			4;
			161;
			0;16;
			0.010000,0.000000,0.000000,0.000000,
			0.000000,-0.000000,0.010000,0.000000,
			0.000000,-0.010000,-0.000000,0.000000,
			0.000000,0.000000,0.000000,1.000000;;,
			1;16;
			0.010000,0.000000,0.000000,0.000000,
			0.000000,-0.000000,0.010000,0.000000,
			0.000000,-0.010000,-0.000000,0.000000,
			0.000000,0.000000,0.000000,1.000000;;,
			2;16;
			0.010000,0.000000,0.000000,0.000000,
			0.000000,-0.000000,0.010000,0.000000,
			0.000000,-0.010000,-0.000000,0.000000,
			0.000000,0.000000,0.000000,1.000000;;,
			3;16;
			0.010000,0.000000,0.000000,0.000000,
			0.000000,-0.000000,0.010000,0.000000,
			0.000000,-0.010000,-0.000000,0.000000,
			0.000000,0.000000,0.000000,1.000000;;,
			4;16;
			0.010000,0.000000,0.000000,0.000000,
			0.000000,-0.000000,0.010000,0.000000,
			0.000000,-0.010000,-0.000000,0.000000,
			0.000000,0.000000,0.000000,1.000000;;,
			5;16;
			0.010000,0.000000,0.000000,0.000000,
			0.000000,-0.000000,0.010000,0.000000,
			0.000000,-0.010000,-0.000000,0.000000,
			0.000000,0.000000,0.000000,1.000000;;,
			6;16;
			0.010000,0.000000,0.000000,0.000000,
			0.000000,-0.000000,0.010000,0.000000,
			0.000000,-0.010000,-0.000000,0.000000,
			0.000000,0.000000,0.000000,1.000000;;,
			7;16;
			0.010000,0.000000,0.000000,0.000000,
			0.000000,-0.000000,0.010000,0.000000,
			0.000000,-0.010000,-0.000000,0.000000,
			0.000000,0.000000,0.000000,1.000000;;,
			8;16;
			0.010000,0.000000,0.000000,0.000000,
			0.000000,-0.000000,0.010000,0.000000,
			0.000000,-0.010000,-0.000000,0.000000,
			0.000000,0.000000,0.000000,1.000000;;,
			9;16;
			0.010000,0.000000,0.000000,0.000000,
			0.000000,-0.000000,0.010000,0.000000,
			0.000000,-0.010000,-0.000000,0.000000,
			0.000000,0.000000,0.000000,1.000000;;,
			10;16;
			0.010000,0.000000,0.000000,0.000000,
			0.000000,-0.000000,0.010000,0.000000,
			0.000000,-0.010000,-0.000000,0.000000,
			0.000000,0.000000,0.000000,1.000000;;,
			11;16;
			0.010000,0.000000,0.000000,0.000000,
			0.000000,-0.000000,0.010000,0.000000,
			0.000000,-0.010000,-0.000000,0.000000,
			0.000000,0.000000,0.000000,1.000000;;,
			12;16;
			0.010000,0.000000,0.000000,0.000000,
			0.000000,-0.000000,0.010000,0.000000,
			0.000000,-0.010000,-0.000000,0.000000,
			0.000000,0.000000,0.000000,1.000000;;,
			13;16;
			0.010000,0.000000,0.000000,0.000000,
			0.000000,-0.000000,0.010000,0.000000,
			0.000000,-0.010000,-0.000000,0.000000,
			0.000000,0.000000,0.000000,1.000000;;,
			14;16;
			0.010000,0.000000,0.000000,0.000000,
			0.000000,-0.000000,0.010000,0.000000,
			0.000000,-0.010000,-0.000000,0.000000,
			0.000000,0.000000,0.000000,1.000000;;,
			15;16;
			0.010000,0.000000,0.000000,0.000000,
			0.000000,-0.000000,0.010000,0.000000,
			0.000000,-0.010000,-0.000000,0.000000,
			0.000000,0.000000,0.000000,1.000000;;,
			16;16;
			0.010000,0.000000,0.000000,0.000000,
			0.000000,-0.000000,0.010000,0.000000,
			0.000000,-0.010000,-0.000000,0.000000,
			0.000000,0.000000,0.000000,1.000000;;,
			17;16;
			0.010000,0.000000,0.000000,0.000000,
			0.000000,-0.000000,0.010000,0.000000,
			0.000000,-0.010000,-0.000000,0.000000,
			0.000000,0.000000,0.000000,1.000000;;,
			18;16;
			0.010000,0.000000,0.000000,0.000000,
			0.000000,-0.000000,0.010000,0.000000,
			0.000000,-0.010000,-0.000000,0.000000,
			0.000000,0.000000,0.000000,1.000000;;,
			19;16;
			0.010000,0.000000,0.000000,0.000000,
			0.000000,-0.000000,0.010000,0.000000,
			0.000000,-0.010000,-0.000000,0.000000,
			0.000000,0.000000,0.000000,1.000000;;,
			20;16;
			0.010000,0.000000,0.000000,0.000000,
			0.000000,-0.000000,0.010000,0.000000,
			0.000000,-0.010000,-0.000000,0.000000,
			0.000000,0.000000,0.000000,1.000000;;,
			21;16;
			0.010000,0.000000,0.000000,0.000000,
			0.000000,-0.000000,0.010000,0.000000,
			0.000000,-0.010000,-0.000000,0.000000,
			0.000000,0.000000,0.000000,1.000000;;,
			22;16;
			0.010000,0.000000,0.000000,0.000000,
			0.000000,-0.000000,0.010000,0.000000,
			0.000000,-0.010000,-0.000000,0.000000,
			0.000000,0.000000,0.000000,1.000000;;,
			23;16;
			0.010000,0.000000,0.000000,0.000000,
			0.000000,-0.000000,0.010000,0.000000,
			0.000000,-0.010000,-0.000000,0.000000,
			0.000000,0.000000,0.000000,1.000000;;,
			24;16;
			0.010000,0.000000,0.000000,0.000000,
			0.000000,-0.000000,0.010000,0.000000,
			0.000000,-0.010000,-0.000000,0.000000,
			0.000000,0.000000,0.000000,1.000000;;,
			25;16;
			0.010000,0.000000,0.000000,0.000000,
			0.000000,-0.000000,0.010000,0.000000,
			0.000000,-0.010000,-0.000000,0.000000,
			0.000000,0.000000,0.000000,1.000000;;,
			26;16;
			0.010000,0.000000,0.000000,0.000000,
			0.000000,-0.000000,0.010000,0.000000,
			0.000000,-0.010000,-0.000000,0.000000,
			0.000000,0.000000,0.000000,1.000000;;,
			27;16;
			0.010000,0.000000,0.000000,0.000000,
			0.000000,-0.000000,0.010000,0.000000,
			0.000000,-0.010000,-0.000000,0.000000,
			0.000000,0.000000,0.000000,1.000000;;,
			28;16;
			0.010000,0.000000,0.000000,0.000000,
			0.000000,-0.000000,0.010000,0.000000,
			0.000000,-0.010000,-0.000000,0.000000,
			0.000000,0.000000,0.000000,1.000000;;,
			29;16;
			0.010000,0.000000,0.000000,0.000000,
			0.000000,-0.000000,0.010000,0.000000,
			0.000000,-0.010000,-0.000000,0.000000,
			0.000000,0.000000,0.000000,1.000000;;,
			30;16;
			0.010000,0.000000,0.000000,0.000000,
			0.000000,-0.000000,0.010000,0.000000,
			0.000000,-0.010000,-0.000000,0.000000,
			0.000000,0.000000,0.000000,1.000000;;,
			31;16;
			0.010000,0.000000,0.000000,0.000000,
			0.000000,-0.000000,0.010000,0.000000,
			0.000000,-0.010000,-0.000000,0.000000,
			0.000000,0.000000,0.000000,1.000000;;,
			32;16;
			0.010000,0.000000,0.000000,0.000000,
			0.000000,-0.000000,0.010000,0.000000,
			0.000000,-0.010000,-0.000000,0.000000,
			0.000000,0.000000,0.000000,1.000000;;,
			33;16;
			0.010000,0.000000,0.000000,0.000000,
			0.000000,-0.000000,0.010000,0.000000,
			0.000000,-0.010000,-0.000000,0.000000,
			0.000000,0.000000,0.000000,1.000000;;,
			34;16;
			0.010000,0.000000,0.000000,0.000000,
			0.000000,-0.000000,0.010000,0.000000,
			0.000000,-0.010000,-0.000000,0.000000,
			0.000000,0.000000,0.000000,1.000000;;,
			35;16;
			0.010000,0.000000,0.000000,0.000000,
			0.000000,-0.000000,0.010000,0.000000,
			0.000000,-0.010000,-0.000000,0.000000,
			0.000000,0.000000,0.000000,1.000000;;,
			36;16;
			0.010000,0.000000,0.000000,0.000000,
			0.000000,-0.000000,0.010000,0.000000,
			0.000000,-0.010000,-0.000000,0.000000,
			0.000000,0.000000,0.000000,1.000000;;,
			37;16;
			0.010000,0.000000,0.000000,0.000000,
			0.000000,-0.000000,0.010000,0.000000,
			0.000000,-0.010000,-0.000000,0.000000,
			0.000000,0.000000,0.000000,1.000000;;,
			38;16;
			0.010000,0.000000,0.000000,0.000000,
			0.000000,-0.000000,0.010000,0.000000,
			0.000000,-0.010000,-0.000000,0.000000,
			0.000000,0.000000,0.000000,1.000000;;,
			39;16;
			0.010000,0.000000,0.000000,0.000000,
			0.000000,-0.000000,0.010000,0.000000,
			0.000000,-0.010000,-0.000000,0.000000,
			0.000000,0.000000,0.000000,1.000000;;,
			40;16;
			0.010000,0.000000,0.000000,0.000000,
			0.000000,-0.000000,0.010000,0.000000,
			0.000000,-0.010000,-0.000000,0.000000,
			0.000000,0.000000,0.000000,1.000000;;,
			41;16;
			0.010000,0.000000,0.000000,0.000000,
			0.000000,-0.000000,0.010000,0.000000,
			0.000000,-0.010000,-0.000000,0.000000,
			0.000000,0.000000,0.000000,1.000000;;,
			42;16;
			0.010000,0.000000,0.000000,0.000000,
			0.000000,-0.000000,0.010000,0.000000,
			0.000000,-0.010000,-0.000000,0.000000,
			0.000000,0.000000,0.000000,1.000000;;,
			43;16;
			0.010000,0.000000,0.000000,0.000000,
			0.000000,-0.000000,0.010000,0.000000,
			0.000000,-0.010000,-0.000000,0.000000,
			0.000000,0.000000,0.000000,1.000000;;,
			44;16;
			0.010000,0.000000,0.000000,0.000000,
			0.000000,-0.000000,0.010000,0.000000,
			0.000000,-0.010000,-0.000000,0.000000,
			0.000000,0.000000,0.000000,1.000000;;,
			45;16;
			0.010000,0.000000,0.000000,0.000000,
			0.000000,-0.000000,0.010000,0.000000,
			0.000000,-0.010000,-0.000000,0.000000,
			0.000000,0.000000,0.000000,1.000000;;,
			46;16;
			0.010000,0.000000,0.000000,0.000000,
			0.000000,-0.000000,0.010000,0.000000,
			0.000000,-0.010000,-0.000000,0.000000,
			0.000000,0.000000,0.000000,1.000000;;,
			47;16;
			0.010000,0.000000,0.000000,0.000000,
			0.000000,-0.000000,0.010000,0.000000,
			0.000000,-0.010000,-0.000000,0.000000,
			0.000000,0.000000,0.000000,1.000000;;,
			48;16;
			0.010000,0.000000,0.000000,0.000000,
			0.000000,-0.000000,0.010000,0.000000,
			0.000000,-0.010000,-0.000000,0.000000,
			0.000000,0.000000,0.000000,1.000000;;,
			49;16;
			0.010000,0.000000,0.000000,0.000000,
			0.000000,-0.000000,0.010000,0.000000,
			0.000000,-0.010000,-0.000000,0.000000,
			0.000000,0.000000,0.000000,1.000000;;,
			50;16;
			0.010000,0.000000,0.000000,0.000000,
			0.000000,-0.000000,0.010000,0.000000,
			0.000000,-0.010000,-0.000000,0.000000,
			0.000000,0.000000,0.000000,1.000000;;,
			51;16;
			0.010000,0.000000,0.000000,0.000000,
			0.000000,-0.000000,0.010000,0.000000,
			0.000000,-0.010000,-0.000000,0.000000,
			0.000000,0.000000,0.000000,1.000000;;,
			52;16;
			0.010000,0.000000,0.000000,0.000000,
			0.000000,-0.000000,0.010000,0.000000,
			0.000000,-0.010000,-0.000000,0.000000,
			0.000000,0.000000,0.000000,1.000000;;,
			53;16;
			0.010000,0.000000,0.000000,0.000000,
			0.000000,-0.000000,0.010000,0.000000,
			0.000000,-0.010000,-0.000000,0.000000,
			0.000000,0.000000,0.000000,1.000000;;,
			54;16;
			0.010000,0.000000,0.000000,0.000000,
			0.000000,-0.000000,0.010000,0.000000,
			0.000000,-0.010000,-0.000000,0.000000,
			0.000000,0.000000,0.000000,1.000000;;,
			55;16;
			0.010000,0.000000,0.000000,0.000000,
			0.000000,-0.000000,0.010000,0.000000,
			0.000000,-0.010000,-0.000000,0.000000,
			0.000000,0.000000,0.000000,1.000000;;,
			56;16;
			0.010000,0.000000,0.000000,0.000000,
			0.000000,-0.000000,0.010000,0.000000,
			0.000000,-0.010000,-0.000000,0.000000,
			0.000000,0.000000,0.000000,1.000000;;,
			57;16;
			0.010000,0.000000,0.000000,0.000000,
			0.000000,-0.000000,0.010000,0.000000,
			0.000000,-0.010000,-0.000000,0.000000,
			0.000000,0.000000,0.000000,1.000000;;,
			58;16;
			0.010000,0.000000,0.000000,0.000000,
			0.000000,-0.000000,0.010000,0.000000,
			0.000000,-0.010000,-0.000000,0.000000,
			0.000000,0.000000,0.000000,1.000000;;,
			59;16;
			0.010000,0.000000,0.000000,0.000000,
			0.000000,-0.000000,0.010000,0.000000,
			0.000000,-0.010000,-0.000000,0.000000,
			0.000000,0.000000,0.000000,1.000000;;,
			60;16;
			0.010000,0.000000,0.000000,0.000000,
			0.000000,-0.000000,0.010000,0.000000,
			0.000000,-0.010000,-0.000000,0.000000,
			0.000000,0.000000,0.000000,1.000000;;,
			61;16;
			0.010000,0.000000,0.000000,0.000000,
			0.000000,-0.000000,0.010000,0.000000,
			0.000000,-0.010000,-0.000000,0.000000,
			0.000000,0.000000,0.000000,1.000000;;,
			62;16;
			0.010000,0.000000,0.000000,0.000000,
			0.000000,-0.000000,0.010000,0.000000,
			0.000000,-0.010000,-0.000000,0.000000,
			0.000000,0.000000,0.000000,1.000000;;,
			63;16;
			0.010000,0.000000,0.000000,0.000000,
			0.000000,-0.000000,0.010000,0.000000,
			0.000000,-0.010000,-0.000000,0.000000,
			0.000000,0.000000,0.000000,1.000000;;,
			64;16;
			0.010000,0.000000,0.000000,0.000000,
			0.000000,-0.000000,0.010000,0.000000,
			0.000000,-0.010000,-0.000000,0.000000,
			0.000000,0.000000,0.000000,1.000000;;,
			65;16;
			0.010000,0.000000,0.000000,0.000000,
			0.000000,-0.000000,0.010000,0.000000,
			0.000000,-0.010000,-0.000000,0.000000,
			0.000000,0.000000,0.000000,1.000000;;,
			66;16;
			0.010000,0.000000,0.000000,0.000000,
			0.000000,-0.000000,0.010000,0.000000,
			0.000000,-0.010000,-0.000000,0.000000,
			0.000000,0.000000,0.000000,1.000000;;,
			67;16;
			0.010000,0.000000,0.000000,0.000000,
			0.000000,-0.000000,0.010000,0.000000,
			0.000000,-0.010000,-0.000000,0.000000,
			0.000000,0.000000,0.000000,1.000000;;,
			68;16;
			0.010000,0.000000,0.000000,0.000000,
			0.000000,-0.000000,0.010000,0.000000,
			0.000000,-0.010000,-0.000000,0.000000,
			0.000000,0.000000,0.000000,1.000000;;,
			69;16;
			0.010000,0.000000,0.000000,0.000000,
			0.000000,-0.000000,0.010000,0.000000,
			0.000000,-0.010000,-0.000000,0.000000,
			0.000000,0.000000,0.000000,1.000000;;,
			70;16;
			0.010000,0.000000,0.000000,0.000000,
			0.000000,-0.000000,0.010000,0.000000,
			0.000000,-0.010000,-0.000000,0.000000,
			0.000000,0.000000,0.000000,1.000000;;,
			71;16;
			0.010000,0.000000,0.000000,0.000000,
			0.000000,-0.000000,0.010000,0.000000,
			0.000000,-0.010000,-0.000000,0.000000,
			0.000000,0.000000,0.000000,1.000000;;,
			72;16;
			0.010000,0.000000,0.000000,0.000000,
			0.000000,-0.000000,0.010000,0.000000,
			0.000000,-0.010000,-0.000000,0.000000,
			0.000000,0.000000,0.000000,1.000000;;,
			73;16;
			0.010000,0.000000,0.000000,0.000000,
			0.000000,-0.000000,0.010000,0.000000,
			0.000000,-0.010000,-0.000000,0.000000,
			0.000000,0.000000,0.000000,1.000000;;,
			74;16;
			0.010000,0.000000,0.000000,0.000000,
			0.000000,-0.000000,0.010000,0.000000,
			0.000000,-0.010000,-0.000000,0.000000,
			0.000000,0.000000,0.000000,1.000000;;,
			75;16;
			0.010000,0.000000,0.000000,0.000000,
			0.000000,-0.000000,0.010000,0.000000,
			0.000000,-0.010000,-0.000000,0.000000,
			0.000000,0.000000,0.000000,1.000000;;,
			76;16;
			0.010000,0.000000,0.000000,0.000000,
			0.000000,-0.000000,0.010000,0.000000,
			0.000000,-0.010000,-0.000000,0.000000,
			0.000000,0.000000,0.000000,1.000000;;,
			77;16;
			0.010000,0.000000,0.000000,0.000000,
			0.000000,-0.000000,0.010000,0.000000,
			0.000000,-0.010000,-0.000000,0.000000,
			0.000000,0.000000,0.000000,1.000000;;,
			78;16;
			0.010000,0.000000,0.000000,0.000000,
			0.000000,-0.000000,0.010000,0.000000,
			0.000000,-0.010000,-0.000000,0.000000,
			0.000000,0.000000,0.000000,1.000000;;,
			79;16;
			0.010000,0.000000,0.000000,0.000000,
			0.000000,-0.000000,0.010000,0.000000,
			0.000000,-0.010000,-0.000000,0.000000,
			0.000000,0.000000,0.000000,1.000000;;,
			80;16;
			0.010000,0.000000,0.000000,0.000000,
			0.000000,-0.000000,0.010000,0.000000,
			0.000000,-0.010000,-0.000000,0.000000,
			0.000000,0.000000,0.000000,1.000000;;,
			81;16;
			0.010000,0.000000,0.000000,0.000000,
			0.000000,-0.000000,0.010000,0.000000,
			0.000000,-0.010000,-0.000000,0.000000,
			0.000000,0.000000,0.000000,1.000000;;,
			82;16;
			0.010000,0.000000,0.000000,0.000000,
			0.000000,-0.000000,0.010000,0.000000,
			0.000000,-0.010000,-0.000000,0.000000,
			0.000000,0.000000,0.000000,1.000000;;,
			83;16;
			0.010000,0.000000,0.000000,0.000000,
			0.000000,-0.000000,0.010000,0.000000,
			0.000000,-0.010000,-0.000000,0.000000,
			0.000000,0.000000,0.000000,1.000000;;,
			84;16;
			0.010000,0.000000,0.000000,0.000000,
			0.000000,-0.000000,0.010000,0.000000,
			0.000000,-0.010000,-0.000000,0.000000,
			0.000000,0.000000,0.000000,1.000000;;,
			85;16;
			0.010000,0.000000,0.000000,0.000000,
			0.000000,-0.000000,0.010000,0.000000,
			0.000000,-0.010000,-0.000000,0.000000,
			0.000000,0.000000,0.000000,1.000000;;,
			86;16;
			0.010000,0.000000,0.000000,0.000000,
			0.000000,-0.000000,0.010000,0.000000,
			0.000000,-0.010000,-0.000000,0.000000,
			0.000000,0.000000,0.000000,1.000000;;,
			87;16;
			0.010000,0.000000,0.000000,0.000000,
			0.000000,-0.000000,0.010000,0.000000,
			0.000000,-0.010000,-0.000000,0.000000,
			0.000000,0.000000,0.000000,1.000000;;,
			88;16;
			0.010000,0.000000,0.000000,0.000000,
			0.000000,-0.000000,0.010000,0.000000,
			0.000000,-0.010000,-0.000000,0.000000,
			0.000000,0.000000,0.000000,1.000000;;,
			89;16;
			0.010000,0.000000,0.000000,0.000000,
			0.000000,-0.000000,0.010000,0.000000,
			0.000000,-0.010000,-0.000000,0.000000,
			0.000000,0.000000,0.000000,1.000000;;,
			90;16;
			0.010000,0.000000,0.000000,0.000000,
			0.000000,-0.000000,0.010000,0.000000,
			0.000000,-0.010000,-0.000000,0.000000,
			0.000000,0.000000,0.000000,1.000000;;,
			91;16;
			0.010000,0.000000,0.000000,0.000000,
			0.000000,-0.000000,0.010000,0.000000,
			0.000000,-0.010000,-0.000000,0.000000,
			0.000000,0.000000,0.000000,1.000000;;,
			92;16;
			0.010000,0.000000,0.000000,0.000000,
			0.000000,-0.000000,0.010000,0.000000,
			0.000000,-0.010000,-0.000000,0.000000,
			0.000000,0.000000,0.000000,1.000000;;,
			93;16;
			0.010000,0.000000,0.000000,0.000000,
			0.000000,-0.000000,0.010000,0.000000,
			0.000000,-0.010000,-0.000000,0.000000,
			0.000000,0.000000,0.000000,1.000000;;,
			94;16;
			0.010000,0.000000,0.000000,0.000000,
			0.000000,-0.000000,0.010000,0.000000,
			0.000000,-0.010000,-0.000000,0.000000,
			0.000000,0.000000,0.000000,1.000000;;,
			95;16;
			0.010000,0.000000,0.000000,0.000000,
			0.000000,-0.000000,0.010000,0.000000,
			0.000000,-0.010000,-0.000000,0.000000,
			0.000000,0.000000,0.000000,1.000000;;,
			96;16;
			0.010000,0.000000,0.000000,0.000000,
			0.000000,-0.000000,0.010000,0.000000,
			0.000000,-0.010000,-0.000000,0.000000,
			0.000000,0.000000,0.000000,1.000000;;,
			97;16;
			0.010000,0.000000,0.000000,0.000000,
			0.000000,-0.000000,0.010000,0.000000,
			0.000000,-0.010000,-0.000000,0.000000,
			0.000000,0.000000,0.000000,1.000000;;,
			98;16;
			0.010000,0.000000,0.000000,0.000000,
			0.000000,-0.000000,0.010000,0.000000,
			0.000000,-0.010000,-0.000000,0.000000,
			0.000000,0.000000,0.000000,1.000000;;,
			99;16;
			0.010000,0.000000,0.000000,0.000000,
			0.000000,-0.000000,0.010000,0.000000,
			0.000000,-0.010000,-0.000000,0.000000,
			0.000000,0.000000,0.000000,1.000000;;,
			100;16;
			0.010000,0.000000,0.000000,0.000000,
			0.000000,-0.000000,0.010000,0.000000,
			0.000000,-0.010000,-0.000000,0.000000,
			0.000000,0.000000,0.000000,1.000000;;,
			101;16;
			0.010000,0.000000,0.000000,0.000000,
			0.000000,-0.000000,0.010000,0.000000,
			0.000000,-0.010000,-0.000000,0.000000,
			0.000000,0.000000,0.000000,1.000000;;,
			102;16;
			0.010000,0.000000,0.000000,0.000000,
			0.000000,-0.000000,0.010000,0.000000,
			0.000000,-0.010000,-0.000000,0.000000,
			0.000000,0.000000,0.000000,1.000000;;,
			103;16;
			0.010000,0.000000,0.000000,0.000000,
			0.000000,-0.000000,0.010000,0.000000,
			0.000000,-0.010000,-0.000000,0.000000,
			0.000000,0.000000,0.000000,1.000000;;,
			104;16;
			0.010000,0.000000,0.000000,0.000000,
			0.000000,-0.000000,0.010000,0.000000,
			0.000000,-0.010000,-0.000000,0.000000,
			0.000000,0.000000,0.000000,1.000000;;,
			105;16;
			0.010000,0.000000,0.000000,0.000000,
			0.000000,-0.000000,0.010000,0.000000,
			0.000000,-0.010000,-0.000000,0.000000,
			0.000000,0.000000,0.000000,1.000000;;,
			106;16;
			0.010000,0.000000,0.000000,0.000000,
			0.000000,-0.000000,0.010000,0.000000,
			0.000000,-0.010000,-0.000000,0.000000,
			0.000000,0.000000,0.000000,1.000000;;,
			107;16;
			0.010000,0.000000,0.000000,0.000000,
			0.000000,-0.000000,0.010000,0.000000,
			0.000000,-0.010000,-0.000000,0.000000,
			0.000000,0.000000,0.000000,1.000000;;,
			108;16;
			0.010000,0.000000,0.000000,0.000000,
			0.000000,-0.000000,0.010000,0.000000,
			0.000000,-0.010000,-0.000000,0.000000,
			0.000000,0.000000,0.000000,1.000000;;,
			109;16;
			0.010000,0.000000,0.000000,0.000000,
			0.000000,-0.000000,0.010000,0.000000,
			0.000000,-0.010000,-0.000000,0.000000,
			0.000000,0.000000,0.000000,1.000000;;,
			110;16;
			0.010000,0.000000,0.000000,0.000000,
			0.000000,-0.000000,0.010000,0.000000,
			0.000000,-0.010000,-0.000000,0.000000,
			0.000000,0.000000,0.000000,1.000000;;,
			111;16;
			0.010000,0.000000,0.000000,0.000000,
			0.000000,-0.000000,0.010000,0.000000,
			0.000000,-0.010000,-0.000000,0.000000,
			0.000000,0.000000,0.000000,1.000000;;,
			112;16;
			0.010000,0.000000,0.000000,0.000000,
			0.000000,-0.000000,0.010000,0.000000,
			0.000000,-0.010000,-0.000000,0.000000,
			0.000000,0.000000,0.000000,1.000000;;,
			113;16;
			0.010000,0.000000,0.000000,0.000000,
			0.000000,-0.000000,0.010000,0.000000,
			0.000000,-0.010000,-0.000000,0.000000,
			0.000000,0.000000,0.000000,1.000000;;,
			114;16;
			0.010000,0.000000,0.000000,0.000000,
			0.000000,-0.000000,0.010000,0.000000,
			0.000000,-0.010000,-0.000000,0.000000,
			0.000000,0.000000,0.000000,1.000000;;,
			115;16;
			0.010000,0.000000,0.000000,0.000000,
			0.000000,-0.000000,0.010000,0.000000,
			0.000000,-0.010000,-0.000000,0.000000,
			0.000000,0.000000,0.000000,1.000000;;,
			116;16;
			0.010000,0.000000,0.000000,0.000000,
			0.000000,-0.000000,0.010000,0.000000,
			0.000000,-0.010000,-0.000000,0.000000,
			0.000000,0.000000,0.000000,1.000000;;,
			117;16;
			0.010000,0.000000,0.000000,0.000000,
			0.000000,-0.000000,0.010000,0.000000,
			0.000000,-0.010000,-0.000000,0.000000,
			0.000000,0.000000,0.000000,1.000000;;,
			118;16;
			0.010000,0.000000,0.000000,0.000000,
			0.000000,-0.000000,0.010000,0.000000,
			0.000000,-0.010000,-0.000000,0.000000,
			0.000000,0.000000,0.000000,1.000000;;,
			119;16;
			0.010000,0.000000,0.000000,0.000000,
			0.000000,-0.000000,0.010000,0.000000,
			0.000000,-0.010000,-0.000000,0.000000,
			0.000000,0.000000,0.000000,1.000000;;,
			120;16;
			0.010000,0.000000,0.000000,0.000000,
			0.000000,-0.000000,0.010000,0.000000,
			0.000000,-0.010000,-0.000000,0.000000,
			0.000000,0.000000,0.000000,1.000000;;,
			121;16;
			0.010000,0.000000,0.000000,0.000000,
			0.000000,-0.000000,0.010000,0.000000,
			0.000000,-0.010000,-0.000000,0.000000,
			0.000000,0.000000,0.000000,1.000000;;,
			122;16;
			0.010000,0.000000,0.000000,0.000000,
			0.000000,-0.000000,0.010000,0.000000,
			0.000000,-0.010000,-0.000000,0.000000,
			0.000000,0.000000,0.000000,1.000000;;,
			123;16;
			0.010000,0.000000,0.000000,0.000000,
			0.000000,-0.000000,0.010000,0.000000,
			0.000000,-0.010000,-0.000000,0.000000,
			0.000000,0.000000,0.000000,1.000000;;,
			124;16;
			0.010000,0.000000,0.000000,0.000000,
			0.000000,-0.000000,0.010000,0.000000,
			0.000000,-0.010000,-0.000000,0.000000,
			0.000000,0.000000,0.000000,1.000000;;,
			125;16;
			0.010000,0.000000,0.000000,0.000000,
			0.000000,-0.000000,0.010000,0.000000,
