xof 0303txt 0032
Frame root {
	FrameTransformMatrix {
		0.010000,0.000000,0.000000,0.000000,
		0.000000,-0.000000,0.010000,0.000000,
		0.000000,-0.010000,-0.000000,0.000000,
		0.000000,0.000000,0.000000,1.000000;;
	}
	Frame pelvis {
		FrameTransformMatrix {
			0.085000,0.338424,-0.937147,0.000000,
			0.237256,0.906622,0.348920,0.000000,
			0.967721,-0.252002,-0.003230,0.000000,
			0.000000,0.281806,-63.338257,1.000000;;
		}
		Frame spine_01 {
			FrameTransformMatrix {
				0.946738,-0.312753,0.076629,0.000000,
				0.313014,0.949707,0.008888,0.000000,
				-0.075555,0.015572,0.997020,0.000000,
				11.897056,-2.768344,-0.000000,1.000000;;
			}
			Frame spine_02 {
				FrameTransformMatrix {
					0.989100,0.147237,-0.001640,0.000000,
					-0.146927,0.986168,-0.076717,0.000000,
					-0.009679,0.076122,0.997052,0.000000,
					14.500739,1.261342,-0.000000,1.000000;;
				}
				Frame spine_03 {
					FrameTransformMatrix {
						0.996790,0.080065,-0.000000,0.000000,
						-0.080065,0.996790,-0.000000,0.000000,
						0.000000,0.000000,1.000000,0.000000,
						12.496109,0.321524,-0.000000,1.000000;;
					}
					Frame neck_01 {
						FrameTransformMatrix {
							0.952847,-0.283758,0.107535,0.000000,
							0.300084,0.933764,-0.195025,0.000000,
							-0.045072,0.218099,0.974885,0.000000,
							21.878693,0.005165,-0.000000,1.000000;;
						}
						Frame head {
							FrameTransformMatrix {
								0.981679,0.190542,0.000000,0.000000,
								-0.190542,0.981679,0.000000,0.000000,
								0.000000,0.000000,1.000000,0.000000,
								25.710386,0.140607,-0.000000,1.000000;;
							}
							Frame Hair01_l {
								FrameTransformMatrix {
									-0.863271,-0.492777,0.109241,0.000000,
									-0.488850,0.870156,0.062090,0.000000,
									-0.125653,0.000198,-0.992074,0.000000,
									-2.802900,-2.445666,17.216135,1.000000;;
								}
								Frame Hair02_l {
									FrameTransformMatrix {
										0.919291,-0.393057,0.020247,0.000000,
										0.393463,0.919051,-0.023086,0.000000,
										-0.009534,0.029189,0.999528,0.000000,
										17.107462,0.000000,0.000000,1.000000;;
									}
									Frame Hair03_l {
										FrameTransformMatrix {
											-0.000485,0.184884,-0.982760,0.000000,
											-0.793430,0.598098,0.112910,0.000000,
											0.608662,0.779806,0.146402,0.000000,
											17.868711,0.000000,-0.000000,1.000000;;
										}
									}
								}
							}
							Frame Hair01_r {
								FrameTransformMatrix {
									0.854239,0.494134,0.161581,0.000000,
									0.485524,-0.869386,0.091838,0.000000,
									0.185856,0.000000,-0.982577,0.000000,
									-2.802879,-2.445665,-17.216101,1.000000;;
								}
								Frame Hair02_r {
									FrameTransformMatrix {
										0.919433,-0.391611,-0.035831,0.000000,
										0.389883,0.919668,-0.046924,0.000000,
										0.051329,0.029174,0.998256,0.000000,
										-17.107590,-0.000088,0.000030,1.000000;;
									}
									Frame Hair03_r {
										FrameTransformMatrix {
											-0.000485,0.184884,-0.982760,0.000000,
											-0.793430,0.598098,0.112910,0.000000,
											0.608662,0.779806,0.146402,0.000000,
											-17.868824,-0.000087,-0.000017,1.000000;;
										}
									}
								}
							}
						}
					}
					Frame clavicle_l {
						FrameTransformMatrix {
							-0.132891,0.446703,0.884758,0.000000,
							0.261614,0.876826,-0.403403,0.000000,
							-0.955980,0.177857,-0.233386,0.000000,
							8.485651,-3.456696,9.015220,1.000000;;
						}
						Frame upperarm_l {
							FrameTransformMatrix {
								0.655134,-0.741342,0.145641,0.000000,
								0.572202,0.612749,0.545090,0.000000,
								-0.493339,-0.273771,0.825630,0.000000,
								12.778380,-0.000000,-0.000000,1.000000;;
							}
							Frame lowerarm_l {
								FrameTransformMatrix {
									0.517866,-0.855462,0.000043,0.000000,
									0.855462,0.517866,-0.000002,0.000000,
									-0.000021,0.000038,1.000000,0.000000,
									35.128559,1.515315,-0.004476,1.000000;;
								}
								Frame hand_l {
									FrameTransformMatrix {
										0.974314,0.084729,-0.208644,0.000000,
										0.221697,-0.198291,0.954741,0.000000,
										0.039522,-0.976474,-0.211982,0.000000,
										23.148167,-0.587805,0.000000,1.000000;;
									}
									Frame thumb_01_l {
										FrameTransformMatrix {
											0.425375,0.453081,0.783437,0.000000,
											0.812237,0.190674,-0.551284,0.000000,
											-0.399157,0.870839,-0.286901,0.000000,
											7.761036,2.573662,8.277136,1.000000;;
										}
										Frame thumb_02_l {
											FrameTransformMatrix {
												0.680957,0.715632,0.155465,0.000000,
												-0.716235,0.695070,-0.062323,0.000000,
												-0.152659,-0.068910,0.985874,0.000000,
												9.421203,-0.593851,-0.083314,1.000000;;
											}
											Frame thumb_03_l {
												FrameTransformMatrix {
													0.996908,0.056475,0.054638,0.000000,
													-0.056363,0.998404,-0.003600,0.000000,
													-0.054754,0.000509,0.998500,0.000000,
													8.910820,-0.377085,-0.058631,1.000000;;
												}
											}
										}
									}
									Frame index_01_l {
										FrameTransformMatrix {
											0.753807,0.656783,0.020244,0.000000,
											-0.646128,0.746480,-0.159017,0.000000,
											-0.119552,0.106788,0.987068,0.000000,
											16.470049,-1.438421,6.613763,1.000000;;
										}
										Frame index_02_l {
											FrameTransformMatrix {
												0.631820,0.775077,0.007690,0.000000,
												-0.775082,0.631853,-0.002970,0.000000,
												-0.007161,-0.004084,0.999966,0.000000,
												9.508547,-0.644083,0.623717,1.000000;;
											}
											Frame index_03_l {
												FrameTransformMatrix {
													0.999086,0.000000,0.042746,0.000000,
													0.001634,0.999269,-0.038183,0.000000,
													-0.042715,0.038218,0.998356,0.000000,
													6.657951,-1.016678,0.346394,1.000000;;
												}
											}
										}
									}
									Frame ring_01_l {
										FrameTransformMatrix {
											0.735001,0.678024,-0.007590,0.000000,
											-0.678001,0.735039,0.005596,0.000000,
											0.009373,0.001033,0.999956,0.000000,
											17.496222,-2.933048,-3.587839,1.000000;;
										}
										Frame ring_02_l {
											FrameTransformMatrix {
												0.685917,0.727171,-0.027199,0.000000,
												-0.727672,0.685251,-0.030417,0.000000,
												-0.003480,0.040655,0.999167,0.000000,
												8.391934,-0.606711,-0.010261,1.000000;;
											}
											Frame ring_03_l {
												FrameTransformMatrix {
													0.999811,0.000000,0.019435,0.000000,
													0.000000,1.000000,0.000000,0.000000,
													-0.019435,0.000000,0.999811,0.000000,
													7.046853,-1.159921,0.318573,1.000000;;
												}
											}
										}
									}
								}
							}
						}
						Frame Shoulder_l {
							FrameTransformMatrix {
								0.819207,-0.373515,-0.435185,0.000000,
								0.414860,0.909885,0.000000,0.000000,
								0.395968,-0.180541,0.900341,0.000000,
								10.304173,0.218627,-8.783108,1.000000;;
							}
							Frame FrontGarment01_l {
								FrameTransformMatrix {
									-0.162870,-0.153785,0.974589,0.000000,
									0.335451,0.920304,0.201279,0.000000,
									-0.927872,0.359709,-0.098303,0.000000,
									6.505432,-12.660301,4.465258,1.000000;;
								}
								Frame FrontGarment02_l {
									FrameTransformMatrix {
										0.912912,-0.339312,-0.226845,0.000000,
										0.342949,0.939036,-0.024438,0.000000,
										0.221307,-0.055487,0.973624,0.000000,
										41.093178,0.000000,0.000000,1.000000;;
									}
									Frame FrontGarment03_l {
										FrameTransformMatrix {
											0.999928,-0.009892,-0.006751,0.000000,
											0.009883,0.999950,-0.001354,0.000000,
											0.006764,0.001288,0.999976,0.000000,
											41.610046,-0.000000,0.000000,1.000000;;
										}
									}
								}
							}
							Frame RearGarment01_l {
								FrameTransformMatrix {
									0.012140,0.262561,0.964839,0.000000,
									0.009726,0.964833,-0.262682,0.000000,
									-0.999879,0.012573,0.009160,0.000000,
									-1.554315,15.130317,1.799134,1.000000;;
								}
								Frame RearGarment02_l {
									FrameTransformMatrix {
										0.999674,-0.009319,-0.023780,0.000000,
										0.009477,0.999934,0.006555,0.000000,
										0.023717,-0.006778,0.999696,0.000000,
										36.183285,-0.000000,0.000000,1.000000;;
									}
									Frame RearGarment03_l {
										FrameTransformMatrix {
											0.991075,-0.108268,0.077776,0.000000,
											0.109636,0.993880,-0.013528,0.000000,
											-0.075835,0.021935,0.996879,0.000000,
											40.224743,0.000000,-0.000000,1.000000;;
										}
										Frame RearGarment04_l {
											FrameTransformMatrix {
												0.999847,0.015555,0.007965,0.000000,
												-0.015543,0.999878,-0.001513,0.000000,
												-0.007988,0.001389,0.999967,0.000000,
												42.256981,0.000000,0.000000,1.000000;;
											}
										}
									}
								}
							}
							Frame ShoulderPad_l {
								FrameTransformMatrix {
									0.977044,0.000000,0.213040,0.000000,
									0.000000,1.000000,0.000000,0.000000,
									-0.213040,0.000000,0.977044,0.000000,
									20.547165,0.656359,-0.793545,1.000000;;
								}
							}
						}
					}
					Frame clavicle_r {
						FrameTransformMatrix {
							0.132891,-0.446703,0.884758,0.000000,
							-0.261615,-0.876826,-0.403403,0.000000,
							0.955980,-0.177857,-0.233386,0.000000,
							8.485809,-3.456726,-9.015220,1.000000;;
						}
						Frame upperarm_r {
							FrameTransformMatrix {
								0.986715,0.124889,0.103903,0.000000,
								-0.156080,0.551295,0.819581,0.000000,
								0.045075,-0.824910,0.563464,0.000000,
								-12.778482,0.000044,-0.000437,1.000000;;
							}
							Frame lowerarm_r {
								FrameTransformMatrix {
									0.503001,-0.864286,0.000050,0.000000,
									0.864286,0.503001,-0.000013,0.000000,
									-0.000014,0.000049,1.000000,0.000000,
									-35.128563,-1.515309,0.004754,1.000000;;
								}
								Frame hand_r {
									FrameTransformMatrix {
										0.558923,0.570655,0.601629,0.000000,
										0.300522,-0.815612,0.494432,0.000000,
										0.772846,-0.095547,-0.627359,0.000000,
										-23.148169,0.587807,0.000246,1.000000;;
									}
									Frame thumb_01_r {
										FrameTransformMatrix {
											-0.132956,0.379465,0.915603,0.000000,
											0.974792,0.217071,0.051587,0.000000,
											-0.179176,0.899381,-0.398761,0.000000,
											-7.761057,-2.573982,-8.277136,1.000000;;
										}
										Frame thumb_02_r {
											FrameTransformMatrix {
												0.031839,0.947397,0.318475,0.000000,
												-0.998292,0.045760,-0.036323,0.000000,
												-0.048985,-0.316774,0.947235,0.000000,
												-9.421142,0.593876,0.083643,1.000000;;
											}
											Frame thumb_03_r {
												FrameTransformMatrix {
													0.996908,0.056475,0.054638,0.000000,
													-0.056363,0.998404,-0.003600,0.000000,
													-0.054754,0.000509,0.998500,0.000000,
													-8.910397,0.377178,0.058603,1.000000;;
												}
											}
										}
									}
									Frame index_01_r {
										FrameTransformMatrix {
											0.224827,0.974188,0.020244,0.000000,
											-0.961260,0.225148,-0.159017,0.000000,
											-0.159470,0.016291,0.987068,0.000000,
											-16.470009,1.438024,-6.613760,1.000000;;
										}
										Frame index_02_r {
											FrameTransformMatrix {
												-0.211962,0.977248,0.007690,0.000000,
												-0.977277,-0.211945,-0.002970,0.000000,
												-0.001273,-0.008144,0.999966,0.000000,
												-9.508614,0.643767,-0.623766,1.000000;;
											}
											Frame index_03_r {
												FrameTransformMatrix {
													0.999086,-0.000000,0.042746,0.000000,
													0.001634,0.999269,-0.038183,0.000000,
													-0.042715,0.038218,0.998356,0.000000,
													-6.657835,1.017637,-0.346229,1.000000;;
												}
											}
										}
									}
									Frame ring_01_r {
										FrameTransformMatrix {
											0.172474,0.984985,-0.007590,0.000000,
											-0.984990,0.172518,0.005596,0.000000,
											0.006822,0.006511,0.999956,0.000000,
											-17.496218,2.933113,3.587840,1.000000;;
										}
										Frame ring_02_r {
											FrameTransformMatrix {
												-0.082666,0.996206,-0.027199,0.000000,
												-0.996045,-0.083483,-0.030417,0.000000,
												-0.032572,0.024577,0.999167,0.000000,
												-8.392414,0.606222,0.010262,1.000000;;
											}
											Frame ring_03_r {
												FrameTransformMatrix {
													0.999811,0.000000,0.019435,0.000000,
													0.000000,1.000000,0.000000,0.000000,
													-0.019435,0.000000,0.999811,0.000000,
													-7.046180,1.160231,-0.318541,1.000000;;
												}
											}
										}
									}
								}
							}
						}
						Frame Shoulder_r {
							FrameTransformMatrix {
								0.819207,-0.373515,-0.435185,0.000000,
								0.414860,0.909885,0.000000,0.000000,
								0.395968,-0.180541,0.900341,0.000000,
								-10.304314,-0.218563,8.782545,1.000000;;
							}
							Frame FrontGarment01_r {
								FrameTransformMatrix {
									-0.340022,-0.052690,0.938940,0.000000,
									0.396428,0.897352,0.193916,0.000000,
									-0.852778,0.438158,-0.284231,0.000000,
									-6.505545,12.660254,-4.464426,1.000000;;
								}
								Frame FrontGarment02_r {
									FrameTransformMatrix {
										0.894921,-0.444509,-0.039102,0.000000,
										0.443707,0.895743,-0.027708,0.000000,
										0.047342,0.007446,0.998851,0.000000,
										-41.093552,-0.000013,0.000059,1.000000;;
									}
									Frame FrontGarment03_r {
										FrameTransformMatrix {
											0.999928,-0.009892,-0.006751,0.000000,
											0.009883,0.999950,-0.001354,0.000000,
											0.006764,0.001288,0.999976,0.000000,
											-41.610119,-0.000034,-0.000061,1.000000;;
										}
									}
								}
							}
							Frame RearGarment01_r {
								FrameTransformMatrix {
									0.042677,0.259354,0.964839,0.000000,
									0.122177,0.957116,-0.262682,0.000000,
									-0.991590,0.129092,0.009160,0.000000,
									1.554375,-15.130346,-1.799159,1.000000;;
								}
								Frame RearGarment02_r {
									FrameTransformMatrix {
										0.991766,-0.125837,-0.023780,0.000000,
										0.126024,0.992006,0.006555,0.000000,
										0.022765,-0.009498,0.999696,0.000000,
										-36.182835,-0.000128,0.000127,1.000000;;
									}
									Frame RearGarment03_r {
										FrameTransformMatrix {
											0.971686,-0.223108,0.077776,0.000000,
											0.224794,0.974312,-0.013528,0.000000,
											-0.072760,0.030629,0.996879,0.000000,
											-40.224739,0.000081,0.000045,1.000000;;
										}
										Frame RearGarment04_r {
											FrameTransformMatrix {
												0.999847,0.015555,0.007965,0.000000,
												-0.015543,0.999878,-0.001513,0.000000,
												-0.007988,0.001389,0.999967,0.000000,
												-42.257042,-0.000060,-0.000074,1.000000;;
											}
										}
									}
								}
							}
							Frame ShoulderPad_r {
								FrameTransformMatrix {
									0.977044,0.000000,0.213040,0.000000,
									0.000000,1.000000,-0.000000,0.000000,
									-0.213040,0.000000,0.977044,0.000000,
									-20.547213,-0.656356,0.793855,1.000000;;
								}
							}
						}
					}
				}
			}
		}
		Frame thigh_l {
			FrameTransformMatrix {
				0.420351,0.794141,-0.438914,0.000000,
				-0.889136,0.264044,-0.373790,0.000000,
				-0.180949,0.547377,0.817090,0.000000,
				-3.230826,0.808217,13.133170,1.000000;;
			}
			Frame calf_l {
				FrameTransformMatrix {
					0.549543,-0.826962,-0.118898,0.000000,
					0.833779,0.551890,0.015182,0.000000,
					0.053064,-0.107477,0.992790,0.000000,
					-27.418129,-0.542472,0.323017,1.000000;;
				}
				Frame foot_l {
					FrameTransformMatrix {
						0.976785,0.086258,0.196089,0.000000,
						-0.061288,0.989614,-0.130029,0.000000,
						-0.205268,0.114992,0.971927,0.000000,
						-34.662071,3.020201,1.231595,1.000000;;
					}
					Frame ball_l {
						FrameTransformMatrix {
							-0.008342,-0.999839,0.015913,0.000000,
							0.999939,-0.008226,0.007351,0.000000,
							-0.007219,0.015973,0.999846,0.000000,
							-6.847696,-16.243237,0.775744,1.000000;;
						}
					}
				}
			}
		}
		Frame thigh_r {
			FrameTransformMatrix {
				-0.678469,-0.725145,-0.117661,0.000000,
				0.733996,-0.662485,-0.149546,0.000000,
				0.030495,-0.187825,0.981729,0.000000,
				-3.230861,0.808215,-13.133200,1.000000;;
			}
			Frame calf_r {
				FrameTransformMatrix {
					0.591094,-0.798730,-0.112416,0.000000,
					0.804828,0.593277,0.016550,0.000000,
					0.053475,-0.100258,0.993523,0.000000,
					27.418112,0.542467,-0.322981,1.000000;;
				}
				Frame foot_r {
					FrameTransformMatrix {
						0.894107,0.367834,0.255482,0.000000,
						-0.330467,0.926886,-0.177969,0.000000,
						-0.302266,0.074695,0.950293,0.000000,
						34.662056,-3.020197,-1.231645,1.000000;;
					}
					Frame ball_r {
						FrameTransformMatrix {
							-0.699859,-0.714103,0.015913,0.000000,
							0.714256,-0.699845,0.007351,0.000000,
							0.005887,0.016510,0.999846,0.000000,
							6.847691,16.243235,-0.775746,1.000000;;
						}
					}
				}
			}
		}
		Frame Weapon {
			FrameTransformMatrix {
				0.983946,-0.030349,-0.175869,0.000000,
				0.174887,-0.032478,0.984053,0.000000,
				-0.035577,-0.999011,-0.026649,0.000000,
				37.431992,-26.951382,-62.332054,1.000000;;
			}
		}
	}
}
Frame WizardBody {
	FrameTransformMatrix {
		0.010000,0.000000,0.000000,0.000000,
		0.000000,-0.000000,0.010000,0.000000,
		0.000000,-0.010000,-0.000000,0.000000,
		0.000000,0.000000,0.000000,1.000000;;
	}
}
AnimationSet Take_001 {
	Animation {
		{root}
		AnimationKey {
			4;
			51;
			0;16;
			0.010000,0.000000,0.000000,0.000000,
			0.000000,-0.000000,0.010000,0.000000,
			0.000000,-0.010000,-0.000000,0.000000,
			0.000000,0.000000,0.000000,1.000000;;,
			1;16;
			0.010000,0.000000,0.000000,0.000000,
			0.000000,-0.000000,0.010000,0.000000,
			0.000000,-0.010000,-0.000000,0.000000,
			0.000000,0.000000,0.000000,1.000000;;,
			2;16;
			0.010000,0.000000,0.000000,0.000000,
			0.000000,-0.000000,0.010000,0.000000,
			0.000000,-0.010000,-0.000000,0.000000,
			0.000000,0.000000,0.000000,1.000000;;,
			3;16;
			0.010000,0.000000,0.000000,0.000000,
			0.000000,-0.000000,0.010000,0.000000,
			0.000000,-0.010000,-0.000000,0.000000,
			0.000000,0.000000,0.000000,1.000000;;,
			4;16;
			0.010000,0.000000,0.000000,0.000000,
			0.000000,-0.000000,0.010000,0.000000,
			0.000000,-0.010000,-0.000000,0.000000,
			0.000000,0.000000,0.000000,1.000000;;,
			5;16;
			0.010000,0.000000,0.000000,0.000000,
			0.000000,-0.000000,0.010000,0.000000,
			0.000000,-0.010000,-0.000000,0.000000,
			0.000000,0.000000,0.000000,1.000000;;,
			6;16;
			0.010000,0.000000,0.000000,0.000000,
			0.000000,-0.000000,0.010000,0.000000,
			0.000000,-0.010000,-0.000000,0.000000,
			0.000000,0.000000,0.000000,1.000000;;,
			7;16;
			0.010000,0.000000,0.000000,0.000000,
			0.000000,-0.000000,0.010000,0.000000,
			0.000000,-0.010000,-0.000000,0.000000,
			0.000000,0.000000,0.000000,1.000000;;,
			8;16;
			0.010000,0.000000,0.000000,0.000000,
			0.000000,-0.000000,0.010000,0.000000,
			0.000000,-0.010000,-0.000000,0.000000,
			0.000000,0.000000,0.000000,1.000000;;,
			9;16;
			0.010000,0.000000,0.000000,0.000000,
			0.000000,-0.000000,0.010000,0.000000,
			0.000000,-0.010000,-0.000000,0.000000,
			0.000000,0.000000,0.000000,1.000000;;,
			10;16;
			0.010000,0.000000,0.000000,0.000000,
			0.000000,-0.000000,0.010000,0.000000,
			0.000000,-0.010000,-0.000000,0.000000,
			0.000000,0.000000,0.000000,1.000000;;,
			11;16;
			0.010000,0.000000,0.000000,0.000000,
			0.000000,-0.000000,0.010000,0.000000,
			0.000000,-0.010000,-0.000000,0.000000,
			0.000000,0.000000,0.000000,1.000000;;,
			12;16;
			0.010000,0.000000,0.000000,0.000000,
			0.000000,-0.000000,0.010000,0.000000,
			0.000000,-0.010000,-0.000000,0.000000,
			0.000000,0.000000,0.000000,1.000000;;,
			13;16;
			0.010000,0.000000,0.000000,0.000000,
			0.000000,-0.000000,0.010000,0.000000,
			0.000000,-0.010000,-0.000000,0.000000,
			0.000000,0.000000,0.000000,1.000000;;,
			14;16;
			0.010000,0.000000,0.000000,0.000000,
			0.000000,-0.000000,0.010000,0.000000,
			0.000000,-0.010000,-0.000000,0.000000,
			0.000000,0.000000,0.000000,1.000000;;,
			15;16;
			0.010000,0.000000,0.000000,0.000000,
			0.000000,-0.000000,0.010000,0.000000,
			0.000000,-0.010000,-0.000000,0.000000,
			0.000000,0.000000,0.000000,1.000000;;,
			16;16;
			0.010000,0.000000,0.000000,0.000000,
			0.000000,-0.000000,0.010000,0.000000,
			0.000000,-0.010000,-0.000000,0.000000,
			0.000000,0.000000,0.000000,1.000000;;,
			17;16;
			0.010000,0.000000,0.000000,0.000000,
			0.000000,-0.000000,0.010000,0.000000,
			0.000000,-0.010000,-0.000000,0.000000,
			0.000000,0.000000,0.000000,1.000000;;,
			18;16;
			0.010000,0.000000,0.000000,0.000000,
			0.000000,-0.000000,0.010000,0.000000,
			0.000000,-0.010000,-0.000000,0.000000,
			0.000000,0.000000,0.000000,1.000000;;,
			19;16;
			0.010000,0.000000,0.000000,0.000000,
			0.000000,-0.000000,0.010000,0.000000,
			0.000000,-0.010000,-0.000000,0.000000,
			0.000000,0.000000,0.000000,1.000000;;,
			20;16;
			0.010000,0.000000,0.000000,0.000000,
			0.000000,-0.000000,0.010000,0.000000,
			0.000000,-0.010000,-0.000000,0.000000,
			0.000000,0.000000,0.000000,1.000000;;,
			21;16;
			0.010000,0.000000,0.000000,0.000000,
			0.000000,-0.000000,0.010000,0.000000,
			0.000000,-0.010000,-0.000000,0.000000,
			0.000000,0.000000,0.000000,1.000000;;,
			22;16;
			0.010000,0.000000,0.000000,0.000000,
			0.000000,-0.000000,0.010000,0.000000,
			0.000000,-0.010000,-0.000000,0.000000,
			0.000000,0.000000,0.000000,1.000000;;,
			23;16;
			0.010000,0.000000,0.000000,0.000000,
			0.000000,-0.000000,0.010000,0.000000,
			0.000000,-0.010000,-0.000000,0.000000,
			0.000000,0.000000,0.000000,1.000000;;,
			24;16;
			0.010000,0.000000,0.000000,0.000000,
			0.000000,-0.000000,0.010000,0.000000,
			0.000000,-0.010000,-0.000000,0.000000,
			0.000000,0.000000,0.000000,1.000000;;,
			25;16;
			0.010000,0.000000,0.000000,0.000000,
			0.000000,-0.000000,0.010000,0.000000,
			0.000000,-0.010000,-0.000000,0.000000,
			0.000000,0.000000,0.000000,1.000000;;,
			26;16;
			0.010000,0.000000,0.000000,0.000000,
			0.000000,-0.000000,0.010000,0.000000,
			0.000000,-0.010000,-0.000000,0.000000,
			0.000000,0.000000,0.000000,1.000000;;,
			27;16;
			0.010000,0.000000,0.000000,0.000000,
			0.000000,-0.000000,0.010000,0.000000,
			0.000000,-0.010000,-0.000000,0.000000,
			0.000000,0.000000,0.000000,1.000000;;,
			28;16;
			0.010000,0.000000,0.000000,0.000000,
			0.000000,-0.000000,0.010000,0.000000,
			0.000000,-0.010000,-0.000000,0.000000,
			0.000000,0.000000,0.000000,1.000000;;,
			29;16;
			0.010000,0.000000,0.000000,0.000000,
			0.000000,-0.000000,0.010000,0.000000,
			0.000000,-0.010000,-0.000000,0.000000,
			0.000000,0.000000,0.000000,1.000000;;,
			30;16;
			0.010000,0.000000,0.000000,0.000000,
			0.000000,-0.000000,0.010000,0.000000,
			0.000000,-0.010000,-0.000000,0.000000,
			0.000000,0.000000,0.000000,1.000000;;,
			31;16;
			0.010000,0.000000,0.000000,0.000000,
			0.000000,-0.000000,0.010000,0.000000,
			0.000000,-0.010000,-0.000000,0.000000,
			0.000000,0.000000,0.000000,1.000000;;,
			32;16;
			0.010000,0.000000,0.000000,0.000000,
			0.000000,-0.000000,0.010000,0.000000,
			0.000000,-0.010000,-0.000000,0.000000,
			0.000000,0.000000,0.000000,1.000000;;,
			33;16;
			0.010000,0.000000,0.000000,0.000000,
			0.000000,-0.000000,0.010000,0.000000,
			0.000000,-0.010000,-0.000000,0.000000,
			0.000000,0.000000,0.000000,1.000000;;,
			34;16;
			0.010000,0.000000,0.000000,0.000000,
			0.000000,-0.000000,0.010000,0.000000,
			0.000000,-0.010000,-0.000000,0.000000,
			0.000000,0.000000,0.000000,1.000000;;,
			35;16;
			0.010000,0.000000,0.000000,0.000000,
			0.000000,-0.000000,0.010000,0.000000,
			0.000000,-0.010000,-0.000000,0.000000,
			0.000000,0.000000,0.000000,1.000000;;,
			36;16;
			0.010000,0.000000,0.000000,0.000000,
			0.000000,-0.000000,0.010000,0.000000,
			0.000000,-0.010000,-0.000000,0.000000,
			0.000000,0.000000,0.000000,1.000000;;,
			37;16;
			0.010000,0.000000,0.000000,0.000000,
			0.000000,-0.000000,0.010000,0.000000,
			0.000000,-0.010000,-0.000000,0.000000,
			0.000000,0.000000,0.000000,1.000000;;,
			38;16;
			0.010000,0.000000,0.000000,0.000000,
			0.000000,-0.000000,0.010000,0.000000,
			0.000000,-0.010000,-0.000000,0.000000,
			0.000000,0.000000,0.000000,1.000000;;,
			39;16;
			0.010000,0.000000,0.000000,0.000000,
			0.000000,-0.000000,0.010000,0.000000,
			0.000000,-0.010000,-0.000000,0.000000,
			0.000000,0.000000,0.000000,1.000000;;,
			40;16;
			0.010000,0.000000,0.000000,0.000000,
			0.000000,-0.000000,0.010000,0.000000,
			0.000000,-0.010000,-0.000000,0.000000,
			0.000000,0.000000,0.000000,1.000000;;,
			41;16;
			0.010000,0.000000,0.000000,0.000000,
			0.000000,-0.000000,0.010000,0.000000,
			0.000000,-0.010000,-0.000000,0.000000,
			0.000000,0.000000,0.000000,1.000000;;,
			42;16;
			0.010000,0.000000,0.000000,0.000000,
			0.000000,-0.000000,0.010000,0.000000,
			0.000000,-0.010000,-0.000000,0.000000,
			0.000000,0.000000,0.000000,1.000000;;,
			43;16;
			0.010000,0.000000,0.000000,0.000000,
			0.000000,-0.000000,0.010000,0.000000,
			0.000000,-0.010000,-0.000000,0.000000,
			0.000000,0.000000,0.000000,1.000000;;,
			44;16;
			0.010000,0.000000,0.000000,0.000000,
			0.000000,-0.000000,0.010000,0.000000,
			0.000000,-0.010000,-0.000000,0.000000,
			0.000000,0.000000,0.000000,1.000000;;,
			45;16;
			0.010000,0.000000,0.000000,0.000000,
			0.000000,-0.000000,0.010000,0.000000,
			0.000000,-0.010000,-0.000000,0.000000,
			0.000000,0.000000,0.000000,1.000000;;,
			46;16;
			0.010000,0.000000,0.000000,0.000000,
			0.000000,-0.000000,0.010000,0.000000,
			0.000000,-0.010000,-0.000000,0.000000,
			0.000000,0.000000,0.000000,1.000000;;,
			47;16;
			0.010000,0.000000,0.000000,0.000000,
			0.000000,-0.000000,0.010000,0.000000,
			0.000000,-0.010000,-0.000000,0.000000,
			0.000000,0.000000,0.000000,1.000000;;,
			48;16;
			0.010000,0.000000,0.000000,0.000000,
			0.000000,-0.000000,0.010000,0.000000,
			0.000000,-0.010000,-0.000000,0.000000,
			0.000000,0.000000,0.000000,1.000000;;,
			49;16;
			0.010000,0.000000,0.000000,0.000000,
			0.000000,-0.000000,0.010000,0.000000,
			0.000000,-0.010000,-0.000000,0.000000,
			0.000000,0.000000,0.000000,1.000000;;,
			50;16;
			0.010000,0.000000,0.000000,0.000000,
			0.000000,-0.000000,0.010000,0.000000,
			0.000000,-0.010000,-0.000000,0.000000,
			0.000000,0.000000,0.000000,1.000000;;;
		}
	}
	Animation {
		{pelvis}
		AnimationKey {
			4;
			51;
			0;16;
			-0.002972,-0.065817,-0.997827,0.000000,
			0.363915,0.929341,-0.062384,0.000000,
			0.931427,-0.363310,0.021190,0.000000,
			0.000000,0.281806,-69.629593,1.000000;;,
			1;16;
			-0.002972,-0.071365,-0.997446,0.000000,
			0.363558,0.929119,-0.067559,0.000000,
			0.931567,-0.362830,0.023184,0.000000,
			0.000000,0.281806,-69.614487,1.000000;;,
			2;16;
			-0.003164,-0.086752,-0.996225,0.000000,
			0.362575,0.928341,-0.081992,0.000000,
			0.931949,-0.361466,0.028517,0.000000,
			0.000000,0.281806,-69.569374,1.000000;;,
			3;16;
			-0.003356,-0.110602,-0.993859,0.000000,
			0.361145,0.926654,-0.104343,0.000000,
			0.932504,-0.359277,0.036834,0.000000,
			0.000000,0.281806,-69.494576,1.000000;;,
			4;16;
			-0.003451,-0.141322,-0.989958,0.000000,
			0.359625,0.923556,-0.133096,0.000000,
			0.933091,-0.356472,0.047635,0.000000,
			0.000000,0.281806,-69.390404,1.000000;;,
			5;16;
			-0.003451,-0.177097,-0.984187,0.000000,
			0.358193,0.918670,-0.166564,0.000000,
			0.933641,-0.353104,0.060264,0.000000,
			0.000000,0.281806,-69.257172,1.000000;;,
			6;16;
			-0.003451,-0.216293,-0.976322,0.000000,
			0.357118,0.911681,-0.203235,0.000000,
			0.934053,-0.349364,0.074096,0.000000,
			0.000000,0.281806,-69.095200,1.000000;;,
			7;16;
			-0.003260,-0.257459,-0.966284,0.000000,
			0.356492,0.902502,-0.241668,0.000000,
			0.934293,-0.345260,0.088840,0.000000,
			0.000000,0.281806,-68.904808,1.000000;;,
			8;16;
			-0.003068,-0.298804,-0.954310,0.000000,
			0.356492,0.891287,-0.280217,0.000000,
			0.934293,-0.341063,0.103787,0.000000,
			0.000000,0.281806,-68.686302,1.000000;;,
			9;16;
			-0.002780,-0.338783,-0.940860,0.000000,
			0.357119,0.878485,-0.317379,0.000000,
			0.934055,-0.336882,0.118544,0.000000,
			0.000000,0.281806,-68.440002,1.000000;;,
			10;16;
			-0.002684,-0.375940,-0.926640,0.000000,
			0.358194,0.864796,-0.351888,0.000000,
			0.933643,-0.332861,0.132338,0.000000,
			0.000000,0.281806,-68.166229,1.000000;;,
			11;16;
			-0.002684,-0.409093,-0.912489,0.000000,
			0.359625,0.851048,-0.382605,0.000000,
			0.933093,-0.329181,0.144835,0.000000,
			0.000000,0.281806,-67.865288,1.000000;;,
			12;16;
			-0.002684,-0.436804,-0.899553,0.000000,
			0.361146,0.838420,-0.408198,0.000000,
			0.932506,-0.325965,0.155499,0.000000,
			0.000000,0.281806,-67.537506,1.000000;;,
			13;16;
			-0.002780,-0.457982,-0.888957,0.000000,
			0.362486,0.828040,-0.427731,0.000000,
			0.931985,-0.323424,0.163710,0.000000,
			0.000000,0.281806,-67.183189,1.000000;;,
			14;16;
			-0.002876,-0.471564,-0.881827,0.000000,
			0.363558,0.820995,-0.440219,0.000000,
			0.931567,-0.321862,0.169080,0.000000,
			0.000000,0.281806,-66.802658,1.000000;;,
			15;16;
			-0.002972,-0.476291,-0.879282,0.000000,
			0.363915,0.818480,-0.444585,0.000000,
			0.931427,-0.321306,0.170897,0.000000,
			0.000000,0.281806,-66.396233,1.000000;;,
			16;16;
			-0.002972,-0.476291,-0.879282,0.000000,
			0.363915,0.818480,-0.444585,0.000000,
			0.931427,-0.321306,0.170897,0.000000,
			0.000000,0.281806,-65.906487,1.000000;;,
			17;16;
			-0.002972,-0.476291,-0.879282,0.000000,
			0.363915,0.818480,-0.444585,0.000000,
			0.931427,-0.321306,0.170897,0.000000,
			0.000000,0.281806,-65.293556,1.000000;;,
			18;16;
			-0.002972,-0.476291,-0.879282,0.000000,
			0.363915,0.818480,-0.444585,0.000000,
			0.931427,-0.321306,0.170897,0.000000,
			0.000000,0.281806,-64.584023,1.000000;;,
			19;16;
			-0.002972,-0.476291,-0.879282,0.000000,
			0.363915,0.818480,-0.444585,0.000000,
			0.931427,-0.321306,0.170897,0.000000,
			0.000000,0.281806,-63.804512,1.000000;;,
			20;16;
			-0.002972,-0.476291,-0.879282,0.000000,
			0.363915,0.818480,-0.444585,0.000000,
			0.931427,-0.321306,0.170897,0.000000,
			0.000000,0.281806,-62.981625,1.000000;;,
			21;16;
			-0.002972,-0.476291,-0.879282,0.000000,
			0.363915,0.818480,-0.444585,0.000000,
			0.931427,-0.321306,0.170897,0.000000,
			0.000000,0.281806,-62.141968,1.000000;;,
			22;16;
			-0.002972,-0.476291,-0.879282,0.000000,
			0.363915,0.818480,-0.444585,0.000000,
			0.931427,-0.321306,0.170897,0.000000,
			0.000000,0.281806,-61.312149,1.000000;;,
			23;16;
			-0.002972,-0.476291,-0.879282,0.000000,
			0.363915,0.818480,-0.444585,0.000000,
			0.931427,-0.321306,0.170897,0.000000,
			0.000000,0.281806,-60.518772,1.000000;;,
			24;16;
			-0.002972,-0.476291,-0.879282,0.000000,
			0.363915,0.818480,-0.444585,0.000000,
			0.931427,-0.321306,0.170897,0.000000,
			0.000000,0.281806,-59.788448,1.000000;;,
			25;16;
			-0.002972,-0.476291,-0.879282,0.000000,
			0.363915,0.818480,-0.444585,0.000000,
			0.931427,-0.321306,0.170897,0.000000,
			0.000000,0.281806,-59.147781,1.000000;;,
			26;16;
			-0.002972,-0.476291,-0.879282,0.000000,
			0.363915,0.818480,-0.444585,0.000000,
			0.931427,-0.321306,0.170897,0.000000,
			0.000000,0.281806,-58.555855,1.000000;;,
			27;16;
			-0.002972,-0.476291,-0.879282,0.000000,
			0.363915,0.818480,-0.444585,0.000000,
			0.931427,-0.321306,0.170897,0.000000,
			0.000000,0.281806,-57.969162,1.000000;;,
			28;16;
			-0.002972,-0.476291,-0.879282,0.000000,
			0.363915,0.818480,-0.444585,0.000000,
			0.931427,-0.321306,0.170897,0.000000,
			0.000000,0.281806,-57.410408,1.000000;;,
			29;16;
			-0.002972,-0.476291,-0.879282,0.000000,
			0.363915,0.818480,-0.444585,0.000000,
			0.931427,-0.321306,0.170897,0.000000,
			0.000000,0.281806,-56.902317,1.000000;;,
			30;16;
			-0.002972,-0.476291,-0.879282,0.000000,
			0.363915,0.818480,-0.444585,0.000000,
			0.931427,-0.321306,0.170897,0.000000,
			0.000000,0.281806,-56.467594,1.000000;;,
			31;16;
			-0.002972,-0.476291,-0.879282,0.000000,
			0.363915,0.818480,-0.444585,0.000000,
			0.931427,-0.321306,0.170897,0.000000,
			0.000000,0.281806,-56.128956,1.000000;;,
			32;16;
			-0.002972,-0.476291,-0.879282,0.000000,
			0.363915,0.818480,-0.444585,0.000000,
			0.931427,-0.321306,0.170897,0.000000,
			0.000000,0.281806,-55.909115,1.000000;;,
			33;16;
			-0.002972,-0.476291,-0.879282,0.000000,
			0.363915,0.818480,-0.444585,0.000000,
			0.931427,-0.321306,0.170897,0.000000,
			0.000000,0.281806,-55.830788,1.000000;;,
			34;16;
			-0.002876,-0.472578,-0.881284,0.000000,
			0.363648,0.820457,-0.441147,0.000000,
			0.931532,-0.321746,0.169492,0.000000,
			0.000000,0.281806,-55.968410,1.000000;;,
			35;16;
			-0.002876,-0.461898,-0.886928,0.000000,
			0.362844,0.826005,-0.431347,0.000000,
			0.931846,-0.323057,0.165221,0.000000,
			0.000000,0.281806,-56.358810,1.000000;;,
			36;16;
			-0.002684,-0.445065,-0.895494,0.000000,
			0.361682,0.834441,-0.415806,0.000000,
			0.932298,-0.325000,0.158732,0.000000,
			0.000000,0.281806,-56.968285,1.000000;;,
			37;16;
			-0.002684,-0.422868,-0.906187,0.000000,
			0.360341,0.844904,-0.395338,0.000000,
			0.932817,-0.327598,0.150108,0.000000,
			0.000000,0.281806,-57.763126,1.000000;;,
			38;16;
			-0.002684,-0.396016,-0.918240,0.000000,
			0.358999,0.856649,-0.370503,0.000000,
			0.933334,-0.330642,0.139870,0.000000,
			0.000000,0.281806,-58.709633,1.000000;;,
			39;16;
			-0.002684,-0.365433,-0.930834,0.000000,
			0.357836,0.868850,-0.342131,0.000000,
			0.933781,-0.334004,0.128432,0.000000,
			0.000000,0.281806,-59.774105,1.000000;;,
			40;16;
			-0.002876,-0.331919,-0.943304,0.000000,
			0.356940,0.880828,-0.311024,0.000000,
			0.934123,-0.337597,0.115942,0.000000,
			0.000000,0.281806,-60.922836,1.000000;;,
			41;16;
			-0.003068,-0.296332,-0.955080,0.000000,
			0.356492,0.892009,-0.277909,0.000000,
			0.934293,-0.341331,0.102903,0.000000,
			0.000000,0.281806,-62.122124,1.000000;;,
			42;16;
			-0.003260,-0.259867,-0.965639,0.000000,
			0.356492,0.901897,-0.243917,0.000000,
			0.934293,-0.345037,0.089701,0.000000,
			0.000000,0.281806,-63.338257,1.000000;;,
			43;16;
			-0.003356,-0.223494,-0.974699,0.000000,
			0.356939,0.910230,-0.209940,0.000000,
			0.934121,-0.348613,0.076719,0.000000,
			0.000000,0.281806,-64.537544,1.000000;;,
			44;16;
			-0.003451,-0.188314,-0.982103,0.000000,
			0.357835,0.916845,-0.177059,0.000000,
			0.933779,-0.352042,0.064221,0.000000,
			0.000000,0.281806,-65.686279,1.000000;;,
			45;16;
			-0.003451,-0.155449,-0.987838,0.000000,
			0.358998,0.921799,-0.146311,0.000000,
			0.933332,-0.355137,0.052624,0.000000,
			0.000000,0.281806,-66.750748,1.000000;;,
			46;16;
			-0.003451,-0.126120,-0.992009,0.000000,
			0.360340,0.925215,-0.118881,0.000000,
			0.932815,-0.357871,0.042253,0.000000,
			0.000000,0.281806,-67.697258,1.000000;;,
			47;16;
			-0.003260,-0.101355,-0.994845,0.000000,
			0.361681,0.927380,-0.095667,0.000000,
			0.932296,-0.360129,0.033635,0.000000,
			0.000000,0.281806,-68.492096,1.000000;;,
			48;16;
			-0.003164,-0.082358,-0.996598,0.000000,
			0.362843,0.928589,-0.077889,0.000000,
			0.931845,-0.361855,0.026945,0.000000,
			0.000000,0.281806,-69.101570,1.000000;;,
			49;16;
			-0.002972,-0.070122,-0.997534,0.000000,
			0.363647,0.929167,-0.066399,0.000000,
			0.931532,-0.362948,0.022738,0.000000,
			0.000000,0.281806,-69.491974,1.000000;;,
			50;16;
			-0.002972,-0.065817,-0.997827,0.000000,
			0.363915,0.929341,-0.062384,0.000000,
			0.931427,-0.363310,0.021190,0.000000,
			0.000000,0.281806,-69.629593,1.000000;;;
		}
	}
	Animation {
		{spine_01}
		AnimationKey {
			4;
			51;
			0;16;
			0.988684,-0.149080,0.016681,0.000000,
			0.149764,0.987306,-0.052890,0.000000,
			-0.008585,0.054790,0.998461,0.000000,
			11.897056,-2.768344,-0.000000,1.000000;;,
			1;16;
			0.988353,-0.151163,0.017544,0.000000,
			0.151883,0.987028,-0.052028,0.000000,
			-0.009451,0.054087,0.998491,0.000000,
			11.897056,-2.768344,-0.000000,1.000000;;,
			2;16;
			0.987376,-0.157122,0.020036,0.000000,
			0.157939,0.986215,-0.049345,0.000000,
			-0.012007,0.051886,0.998581,0.000000,
			11.897056,-2.768344,-0.000000,1.000000;;,
			3;16;
			0.985755,-0.166472,0.023966,0.000000,
			0.167417,0.984853,-0.045128,0.000000,
			-0.016090,0.048497,0.998694,0.000000,
			11.897056,-2.768344,-0.000000,1.000000;;,
			4;16;
			0.983454,-0.178815,0.029046,0.000000,
			0.179880,0.982896,-0.039473,0.000000,
			-0.021490,0.044045,0.998798,0.000000,
			11.897056,-2.768344,-0.000000,1.000000;;,
			5;16;
			0.980446,-0.193655,0.034987,0.000000,
			0.194786,0.980308,-0.032475,0.000000,
			-0.028009,0.038655,0.998860,0.000000,
			11.897056,-2.768344,-0.000000,1.000000;;,
			6;16;
			0.976694,-0.210586,0.041501,0.000000,
			0.211696,0.977030,-0.024424,0.000000,
			-0.035405,0.032641,0.998840,0.000000,
			11.897056,-2.768344,-0.000000,1.000000;;,
			7;16;
			0.972201,-0.229110,0.048301,0.000000,
			0.230072,0.973053,-0.015321,0.000000,
			-0.043489,0.026008,0.998715,0.000000,
			11.897056,-2.768344,-0.000000,1.000000;;,
			8;16;
			0.966969,-0.248825,0.055291,0.000000,
			0.249495,0.968361,-0.005456,0.000000,
			-0.052184,0.019071,0.998455,0.000000,
			11.897056,-2.768344,-0.000000,1.000000;;,
			9;16;
			0.961121,-0.269055,0.062086,0.000000,
			0.269274,0.963051,0.004976,0.000000,
			-0.061131,0.011936,0.998058,0.000000,
			11.897056,-2.768344,-0.000000,1.000000;;,
			10;16;
			0.954687,-0.289601,0.068591,0.000000,
			0.289210,0.957136,0.015781,0.000000,
			-0.070222,0.004771,0.997520,0.000000,
			11.897056,-2.768344,-0.000000,1.000000;;,
			11;16;
			0.947896,-0.309719,0.074616,0.000000,
			0.308584,0.950826,0.026575,0.000000,
			-0.079178,-0.002165,0.996858,0.000000,
			11.897056,-2.768344,-0.000000,1.000000;;,
			12;16;
			0.940866,-0.329136,0.080256,0.000000,
			0.327147,0.944242,0.037166,0.000000,
			-0.088013,-0.008713,0.996081,0.000000,
			11.897056,-2.768344,-0.000000,1.000000;;,
			13;16;
			0.933896,-0.347240,0.085224,0.000000,
			0.344317,0.937658,0.047363,0.000000,
			-0.096357,-0.014888,0.995235,0.000000,
			11.897056,-2.768344,-0.000000,1.000000;;,
			14;16;
			0.927239,-0.363611,0.089522,0.000000,
			0.359751,0.931330,0.056594,0.000000,
			-0.103953,-0.020271,0.994376,0.000000,
			11.897056,-2.768344,-0.000000,1.000000;;,
			15;16;
			0.921156,-0.377835,0.093341,0.000000,
			0.373070,0.925539,0.064768,0.000000,
			-0.110862,-0.024839,0.993525,0.000000,
			11.897056,-2.768344,-0.000000,1.000000;;,
			16;16;
			0.915478,-0.390461,0.097158,0.000000,
			0.384803,0.920173,0.072170,0.000000,
			-0.117582,-0.028683,0.992649,0.000000,
			11.897056,-2.768344,-0.000000,1.000000;;,
			17;16;
			0.909841,-0.402365,0.101451,0.000000,
			0.395725,0.914908,0.079652,0.000000,
			-0.124868,-0.032323,0.991647,0.000000,
			11.897056,-2.768344,-0.000000,1.000000;;,
			18;16;
			0.904272,-0.413557,0.106124,0.000000,
			0.405877,0.909784,0.086927,0.000000,
			-0.132499,-0.035533,0.990546,0.000000,
			11.897056,-2.768344,-0.000000,1.000000;;,
			19;16;
			0.898831,-0.424061,0.110794,0.000000,
			0.415311,0.904819,0.093905,0.000000,
			-0.140070,-0.038390,0.989397,0.000000,
			11.897056,-2.768344,-0.000000,1.000000;;,
			20;16;
			0.893528,-0.433984,0.115176,0.000000,
			0.424184,0.899994,0.100397,0.000000,
			-0.147228,-0.040852,0.988259,0.000000,
			11.897056,-2.768344,-0.000000,1.000000;;,
			21;16;
			0.888437,-0.443258,0.119175,0.000000,
			0.432454,0.895366,0.106314,0.000000,
			-0.153829,-0.042916,0.987165,0.000000,
