xof 0303txt 0032
Frame root {
	FrameTransformMatrix {
		0.010000,0.000000,0.000000,0.000000,
		0.000000,-0.000000,0.010000,0.000000,
		0.000000,-0.010000,-0.000000,0.000000,
		0.000000,0.000000,0.000000,1.000000;;
	}
	Frame pelvis {
		FrameTransformMatrix {
			-0.001590,-0.007944,-0.999967,0.000000,
			0.196218,0.980527,-0.008101,0.000000,
			0.980559,-0.196225,-0.000000,0.000000,
			0.000000,0.281806,-65.172867,1.000000;;
		}
		Frame spine_01 {
			FrameTransformMatrix {
				0.971324,-0.237741,0.002977,0.000000,
				0.237698,0.970716,-0.034783,0.000000,
				0.005379,0.034493,0.999390,0.000000,
				11.897056,-2.768344,-0.000000,1.000000;;
			}
			Frame spine_02 {
				FrameTransformMatrix {
					0.997554,0.069605,0.006452,0.000000,
					-0.069613,0.997574,0.000929,0.000000,
					-0.006372,-0.001376,0.999979,0.000000,
					14.500739,1.261342,-0.000000,1.000000;;
				}
				Frame spine_03 {
					FrameTransformMatrix {
						0.996790,0.080065,-0.000000,0.000000,
						-0.080065,0.996790,-0.000000,0.000000,
						0.000000,0.000000,1.000000,0.000000,
						12.496109,0.321524,-0.000000,1.000000;;
					}
					Frame neck_01 {
						FrameTransformMatrix {
							0.997915,-0.055032,0.033731,0.000000,
							0.054465,0.998362,0.017506,0.000000,
							-0.034639,-0.015632,0.999278,0.000000,
							21.878693,0.005165,-0.000000,1.000000;;
						}
						Frame head {
							FrameTransformMatrix {
								0.981679,0.190542,0.000000,0.000000,
								-0.190542,0.981679,0.000000,0.000000,
								0.000000,0.000000,1.000000,0.000000,
								25.710386,0.140607,-0.000000,1.000000;;
							}
							Frame Hair01_l {
								FrameTransformMatrix {
									-0.764461,-0.638705,0.087490,0.000000,
									-0.637013,0.769247,0.049727,0.000000,
									-0.099062,-0.017718,-0.994923,0.000000,
									-2.802900,-2.445666,17.216135,1.000000;;
								}
								Frame Hair02_l {
									FrameTransformMatrix {
										0.973698,-0.223672,0.043403,0.000000,
										0.224422,0.974402,-0.013208,0.000000,
										-0.039337,0.022601,0.998970,0.000000,
										17.107462,0.000000,0.000000,1.000000;;
									}
									Frame Hair03_l {
										FrameTransformMatrix {
											-0.000485,0.184884,-0.982760,0.000000,
											-0.793430,0.598098,0.112910,0.000000,
											0.608662,0.779806,0.146402,0.000000,
											17.868711,0.000000,-0.000000,1.000000;;
										}
									}
								}
							}
							Frame Hair01_r {
								FrameTransformMatrix {
									0.752653,0.582776,0.306405,0.000000,
									0.557567,-0.811659,0.174152,0.000000,
									0.350188,0.039766,-0.935835,0.000000,
									-2.802879,-2.445665,-17.216101,1.000000;;
								}
								Frame Hair02_r {
									FrameTransformMatrix {
										0.950210,-0.286227,0.123185,0.000000,
										0.285866,0.958040,0.020981,0.000000,
										-0.124022,0.015278,0.992162,0.000000,
										-17.107590,-0.000088,0.000030,1.000000;;
									}
									Frame Hair03_r {
										FrameTransformMatrix {
											-0.000485,0.184884,-0.982760,0.000000,
											-0.793430,0.598098,0.112910,0.000000,
											0.608662,0.779806,0.146402,0.000000,
											-17.868824,-0.000087,-0.000017,1.000000;;
										}
									}
								}
							}
						}
					}
					Frame clavicle_l {
						FrameTransformMatrix {
							-0.132891,0.446703,0.884758,0.000000,
							0.261614,0.876826,-0.403403,0.000000,
							-0.955980,0.177857,-0.233386,0.000000,
							8.485651,-3.456696,9.015220,1.000000;;
						}
						Frame upperarm_l {
							FrameTransformMatrix {
								0.568204,-0.805027,-0.170518,0.000000,
								0.807136,0.504880,0.305986,0.000000,
								-0.160235,-0.311494,0.936641,0.000000,
								12.778380,-0.000000,-0.000000,1.000000;;
							}
							Frame lowerarm_l {
								FrameTransformMatrix {
									0.563907,-0.825838,0.000041,0.000000,
									0.825838,0.563907,-0.000001,0.000000,
									-0.000022,0.000034,1.000000,0.000000,
									35.128559,1.515315,-0.004476,1.000000;;
								}
								Frame hand_l {
									FrameTransformMatrix {
										0.962750,-0.256665,0.085063,0.000000,
										-0.160005,-0.287182,0.944418,0.000000,
										-0.217971,-0.922849,-0.317552,0.000000,
										23.148167,-0.587805,0.000000,1.000000;;
									}
									Frame thumb_01_l {
										FrameTransformMatrix {
											0.547460,0.467774,0.693884,0.000000,
											0.681126,0.232638,-0.694224,0.000000,
											-0.486163,0.852682,-0.191253,0.000000,
											7.761036,2.573662,8.277136,1.000000;;
										}
										Frame thumb_02_l {
											FrameTransformMatrix {
												0.849493,0.503187,0.158632,0.000000,
												-0.507895,0.861331,-0.012333,0.000000,
												-0.142841,-0.070092,0.987261,0.000000,
												9.421203,-0.593851,-0.083314,1.000000;;
											}
											Frame thumb_03_l {
												FrameTransformMatrix {
													0.996908,0.056475,0.054638,0.000000,
													-0.056363,0.998404,-0.003600,0.000000,
													-0.054754,0.000509,0.998500,0.000000,
													8.910820,-0.377085,-0.058631,1.000000;;
												}
											}
										}
									}
									Frame index_01_l {
										FrameTransformMatrix {
											0.854523,0.516753,-0.052496,0.000000,
											-0.518371,0.842044,-0.149175,0.000000,
											-0.032883,0.154686,0.987416,0.000000,
											16.470049,-1.438421,6.613763,1.000000;;
										}
										Frame index_02_l {
											FrameTransformMatrix {
												0.793648,0.608328,0.007690,0.000000,
												-0.608325,0.793682,-0.002970,0.000000,
												-0.007910,-0.002321,0.999966,0.000000,
												9.508547,-0.644083,0.623717,1.000000;;
											}
											Frame index_03_l {
												FrameTransformMatrix {
													0.999086,0.000000,0.042746,0.000000,
													0.001634,0.999269,-0.038183,0.000000,
													-0.042715,0.038218,0.998356,0.000000,
													6.657951,-1.016678,0.346394,1.000000;;
												}
											}
										}
									}
									Frame ring_01_l {
										FrameTransformMatrix {
											0.888437,0.454994,0.060498,0.000000,
											-0.455484,0.890222,-0.006237,0.000000,
											-0.056695,-0.022014,0.998149,0.000000,
											17.496222,-2.933048,-3.587839,1.000000;;
										}
										Frame ring_02_l {
											FrameTransformMatrix {
												0.891015,0.453158,-0.027199,0.000000,
												-0.453854,0.890557,-0.030417,0.000000,
												0.010439,0.039446,0.999167,0.000000,
												8.391934,-0.606711,-0.010261,1.000000;;
											}
											Frame ring_03_l {
												FrameTransformMatrix {
													0.999811,0.000000,0.019435,0.000000,
													0.000000,1.000000,0.000000,0.000000,
													-0.019435,0.000000,0.999811,0.000000,
													7.046853,-1.159921,0.318573,1.000000;;
												}
											}
										}
									}
								}
							}
						}
						Frame Shoulder_l {
							FrameTransformMatrix {
								0.819207,-0.373515,-0.435185,0.000000,
								0.414860,0.909885,0.000000,0.000000,
								0.395968,-0.180541,0.900341,0.000000,
								10.304173,0.218627,-8.783108,1.000000;;
							}
							Frame FrontGarment01_l {
								FrameTransformMatrix {
									-0.250182,-0.111318,0.961778,0.000000,
									0.357587,0.912511,0.198633,0.000000,
									-0.899745,0.393613,-0.188488,0.000000,
									6.505432,-12.660301,4.465258,1.000000;;
								}
								Frame FrontGarment02_l {
									FrameTransformMatrix {
										0.912866,-0.384498,-0.137251,0.000000,
										0.384700,0.922672,-0.026126,0.000000,
										0.136683,-0.028951,0.990192,0.000000,
										41.093178,0.000000,0.000000,1.000000;;
									}
									Frame FrontGarment03_l {
										FrameTransformMatrix {
											0.999928,-0.009892,-0.006751,0.000000,
											0.009883,0.999950,-0.001354,0.000000,
											0.006764,0.001288,0.999976,0.000000,
											41.610046,-0.000000,0.000000,1.000000;;
										}
									}
								}
							}
							Frame RearGarment01_l {
								FrameTransformMatrix {
									-0.042595,0.259367,0.964839,0.000000,
									-0.190649,0.945860,-0.262682,0.000000,
									-0.980734,-0.195134,0.009160,0.000000,
									-1.554315,15.130317,1.799134,1.000000;;
								}
								Frame RearGarment02_l {
									FrameTransformMatrix {
										0.871410,-0.489978,-0.023780,0.000000,
										0.490242,0.871562,0.006555,0.000000,
										0.017513,-0.017370,0.999696,0.000000,
										36.183285,-0.000000,0.000000,1.000000;;
									}
									Frame RearGarment03_l {
										FrameTransformMatrix {
											0.860698,0.503140,0.077776,0.000000,
											-0.503711,0.863766,-0.013528,0.000000,
											-0.073987,-0.027533,0.996879,0.000000,
											40.224743,0.000000,-0.000000,1.000000;;
										}
										Frame RearGarment04_l {
											FrameTransformMatrix {
												0.999847,0.015555,0.007965,0.000000,
												-0.015543,0.999878,-0.001513,0.000000,
												-0.007988,0.001389,0.999967,0.000000,
												42.256981,0.000000,0.000000,1.000000;;
											}
										}
									}
								}
							}
							Frame ShoulderPad_l {
								FrameTransformMatrix {
									0.977044,0.000000,0.213040,0.000000,
									0.000000,1.000000,0.000000,0.000000,
									-0.213040,0.000000,0.977044,0.000000,
									20.547165,0.656359,-0.793545,1.000000;;
								}
							}
						}
					}
					Frame clavicle_r {
						FrameTransformMatrix {
							0.132891,-0.446703,0.884758,0.000000,
							-0.261615,-0.876826,-0.403403,0.000000,
							0.955980,-0.177857,-0.233386,0.000000,
							8.485809,-3.456726,-9.015220,1.000000;;
						}
						Frame upperarm_r {
							FrameTransformMatrix {
								0.996320,-0.076205,0.039236,0.000000,
								0.075383,0.996911,0.022020,0.000000,
								-0.040793,-0.018982,0.998987,0.000000,
								-12.778482,0.000044,-0.000437,1.000000;;
							}
							Frame lowerarm_r {
								FrameTransformMatrix {
									0.279865,-0.960039,0.000061,0.000000,
									0.960039,0.279865,-0.000016,0.000000,
									-0.000002,0.000063,1.000000,0.000000,
									-35.128563,-1.515309,0.004754,1.000000;;
								}
								Frame hand_r {
									FrameTransformMatrix {
										0.915590,0.198317,-0.349807,0.000000,
										0.378590,-0.718313,0.583692,0.000000,
										-0.135515,-0.666856,-0.732761,0.000000,
										-23.148169,0.587807,0.000246,1.000000;;
									}
									Frame thumb_01_r {
										FrameTransformMatrix {
											-0.132956,0.379465,0.915603,0.000000,
											0.974792,0.217071,0.051587,0.000000,
											-0.179176,0.899381,-0.398761,0.000000,
											-7.761057,-2.573982,-8.277136,1.000000;;
										}
										Frame thumb_02_r {
											FrameTransformMatrix {
												0.031839,0.947397,0.318475,0.000000,
												-0.998292,0.045760,-0.036323,0.000000,
												-0.048985,-0.316774,0.947235,0.000000,
												-9.421142,0.593876,0.083643,1.000000;;
											}
											Frame thumb_03_r {
												FrameTransformMatrix {
													0.996908,0.056475,0.054638,0.000000,
													-0.056363,0.998404,-0.003600,0.000000,
													-0.054754,0.000509,0.998500,0.000000,
													-8.910397,0.377178,0.058603,1.000000;;
												}
											}
										}
									}
									Frame index_01_r {
										FrameTransformMatrix {
											0.224827,0.974188,0.020244,0.000000,
											-0.961260,0.225148,-0.159017,0.000000,
											-0.159470,0.016291,0.987068,0.000000,
											-16.470009,1.438024,-6.613760,1.000000;;
										}
										Frame index_02_r {
											FrameTransformMatrix {
												-0.211962,0.977248,0.007690,0.000000,
												-0.977277,-0.211945,-0.002970,0.000000,
												-0.001273,-0.008144,0.999966,0.000000,
												-9.508614,0.643767,-0.623766,1.000000;;
											}
											Frame index_03_r {
												FrameTransformMatrix {
													0.999086,-0.000000,0.042746,0.000000,
													0.001634,0.999269,-0.038183,0.000000,
													-0.042715,0.038218,0.998356,0.000000,
													-6.657835,1.017637,-0.346229,1.000000;;
												}
											}
										}
									}
									Frame ring_01_r {
										FrameTransformMatrix {
											0.172474,0.984985,-0.007590,0.000000,
											-0.984990,0.172518,0.005596,0.000000,
											0.006822,0.006511,0.999956,0.000000,
											-17.496218,2.933113,3.587840,1.000000;;
										}
										Frame ring_02_r {
											FrameTransformMatrix {
												-0.082666,0.996206,-0.027199,0.000000,
												-0.996045,-0.083483,-0.030417,0.000000,
												-0.032572,0.024577,0.999167,0.000000,
												-8.392414,0.606222,0.010262,1.000000;;
											}
											Frame ring_03_r {
												FrameTransformMatrix {
													0.999811,0.000000,0.019435,0.000000,
													0.000000,1.000000,0.000000,0.000000,
													-0.019435,0.000000,0.999811,0.000000,
													-7.046180,1.160231,-0.318541,1.000000;;
												}
											}
										}
									}
								}
							}
						}
						Frame Shoulder_r {
							FrameTransformMatrix {
								0.819207,-0.373515,-0.435185,0.000000,
								0.414860,0.909885,0.000000,0.000000,
								0.395968,-0.180541,0.900341,0.000000,
								-10.304314,-0.218563,8.782545,1.000000;;
							}
							Frame FrontGarment01_r {
								FrameTransformMatrix {
									-0.247797,-0.116530,0.961778,0.000000,
									0.338411,0.919795,0.198633,0.000000,
									-0.907785,0.374697,-0.188488,0.000000,
									-6.505545,12.660254,-4.464426,1.000000;;
								}
								Frame FrontGarment02_r {
									FrameTransformMatrix {
										0.920713,-0.365309,-0.137251,0.000000,
										0.365306,0.930521,-0.026126,0.000000,
										0.137259,-0.026084,0.990192,0.000000,
										-41.093552,-0.000013,0.000059,1.000000;;
									}
									Frame FrontGarment03_r {
										FrameTransformMatrix {
											0.999928,-0.009892,-0.006751,0.000000,
											0.009883,0.999950,-0.001354,0.000000,
											0.006764,0.001288,0.999976,0.000000,
											-41.610119,-0.000034,-0.000061,1.000000;;
										}
									}
								}
							}
							Frame RearGarment01_r {
								FrameTransformMatrix {
									-0.011710,0.262581,0.964839,0.000000,
									-0.077774,0.961743,-0.262682,0.000000,
									-0.996902,-0.078115,0.009160,0.000000,
									1.554375,-15.130346,-1.799159,1.000000;;
								}
								Frame RearGarment02_r {
									FrameTransformMatrix {
										0.890090,-0.455164,-0.023780,0.000000,
										0.455421,0.890252,0.006555,0.000000,
										0.018186,-0.016664,0.999696,0.000000,
										-36.182835,-0.000128,0.000127,1.000000;;
									}
									Frame RearGarment03_r {
										FrameTransformMatrix {
											0.942477,0.325096,0.077776,0.000000,
											-0.325056,0.945598,-0.013528,0.000000,
											-0.077943,-0.012531,0.996879,0.000000,
											-40.224739,0.000081,0.000045,1.000000;;
										}
										Frame RearGarment04_r {
											FrameTransformMatrix {
												0.999847,0.015555,0.007965,0.000000,
												-0.015543,0.999878,-0.001513,0.000000,
												-0.007988,0.001389,0.999967,0.000000,
												-42.257042,-0.000060,-0.000074,1.000000;;
											}
										}
									}
								}
							}
							Frame ShoulderPad_r {
								FrameTransformMatrix {
									0.977044,0.000000,0.213040,0.000000,
									0.000000,1.000000,-0.000000,0.000000,
									-0.213040,0.000000,0.977044,0.000000,
									-20.547213,-0.656356,0.793855,1.000000;;
								}
							}
						}
					}
				}
			}
		}
		Frame thigh_l {
			FrameTransformMatrix {
				0.897711,0.425013,-0.116093,0.000000,
				-0.438218,0.834063,-0.335118,0.000000,
				-0.045600,0.351713,0.934997,0.000000,
				-3.230826,0.808217,13.133170,1.000000;;
			}
			Frame calf_l {
				FrameTransformMatrix {
					0.607104,-0.786996,-0.109827,0.000000,
					0.792822,0.609214,0.017091,0.000000,
					0.053457,-0.097450,0.993804,0.000000,
					-27.418129,-0.542472,0.323017,1.000000;;
				}
				Frame foot_l {
					FrameTransformMatrix {
						0.886112,0.451654,0.103988,0.000000,
						-0.460134,0.830430,0.314107,0.000000,
						0.055513,-0.326182,0.943676,0.000000,
						-34.662071,3.020201,1.231595,1.000000;;
					}
					Frame ball_l {
						FrameTransformMatrix {
							0.255689,-0.966628,0.015913,0.000000,
							0.966695,0.255827,0.007351,0.000000,
							-0.011177,0.013503,0.999846,0.000000,
							-6.847696,-16.243237,0.775744,1.000000;;
						}
					}
				}
			}
		}
		Frame thigh_r {
			FrameTransformMatrix {
				-0.412365,-0.903473,-0.117014,0.000000,
				0.904721,-0.421199,0.063805,0.000000,
				-0.106932,-0.079554,0.991078,0.000000,
				-3.230861,0.808215,-13.133200,1.000000;;
			}
			Frame calf_r {
				FrameTransformMatrix {
					-0.352292,-0.904383,-0.240796,0.000000,
					0.932676,-0.360569,-0.010304,0.000000,
					-0.077505,-0.228215,0.970521,0.000000,
					27.418112,0.542467,-0.322981,1.000000;;
				}
				Frame foot_r {
					FrameTransformMatrix {
						0.916518,-0.398643,0.032848,0.000000,
						0.393541,0.913377,0.104246,0.000000,
						-0.071560,-0.082616,0.994009,0.000000,
						34.662056,-3.020197,-1.231645,1.000000;;
					}
					Frame ball_r {
						FrameTransformMatrix {
							-0.699859,-0.714103,0.015913,0.000000,
							0.714256,-0.699845,0.007351,0.000000,
							0.005887,0.016510,0.999846,0.000000,
							6.847691,16.243235,-0.775746,1.000000;;
						}
					}
				}
			}
		}
		Frame Weapon {
			FrameTransformMatrix {
				0.669969,-0.363415,0.647357,0.000000,
				-0.040710,0.852695,0.520821,0.000000,
				-0.741272,-0.375288,0.556485,0.000000,
				20.638554,-16.143675,-72.291451,1.000000;;
			}
		}
	}
}
Frame WizardBody {
	FrameTransformMatrix {
		0.010000,0.000000,0.000000,0.000000,
		0.000000,-0.000000,0.010000,0.000000,
		0.000000,-0.010000,-0.000000,0.000000,
		0.000000,0.000000,0.000000,1.000000;;
	}
}
AnimationSet Take_001 {
	Animation {
		{root}
		AnimationKey {
			4;
			25;
			0;16;
			0.010000,0.000000,0.000000,0.000000,
			0.000000,-0.000000,0.010000,0.000000,
			0.000000,-0.010000,-0.000000,0.000000,
			0.000000,0.000000,0.000000,1.000000;;,
			1;16;
			0.010000,0.000000,0.000000,0.000000,
			0.000000,-0.000000,0.010000,0.000000,
			0.000000,-0.010000,-0.000000,0.000000,
			0.000000,0.000000,0.000000,1.000000;;,
			2;16;
			0.010000,0.000000,0.000000,0.000000,
			0.000000,-0.000000,0.010000,0.000000,
			0.000000,-0.010000,-0.000000,0.000000,
			0.000000,0.000000,0.000000,1.000000;;,
			3;16;
			0.010000,0.000000,0.000000,0.000000,
			0.000000,-0.000000,0.010000,0.000000,
			0.000000,-0.010000,-0.000000,0.000000,
			0.000000,0.000000,0.000000,1.000000;;,
			4;16;
			0.010000,0.000000,0.000000,0.000000,
			0.000000,-0.000000,0.010000,0.000000,
			0.000000,-0.010000,-0.000000,0.000000,
			0.000000,0.000000,0.000000,1.000000;;,
			5;16;
			0.010000,0.000000,0.000000,0.000000,
			0.000000,-0.000000,0.010000,0.000000,
			0.000000,-0.010000,-0.000000,0.000000,
			0.000000,0.000000,0.000000,1.000000;;,
			6;16;
			0.010000,0.000000,0.000000,0.000000,
			0.000000,-0.000000,0.010000,0.000000,
			0.000000,-0.010000,-0.000000,0.000000,
			0.000000,0.000000,0.000000,1.000000;;,
			7;16;
			0.010000,0.000000,0.000000,0.000000,
			0.000000,-0.000000,0.010000,0.000000,
			0.000000,-0.010000,-0.000000,0.000000,
			0.000000,0.000000,0.000000,1.000000;;,
			8;16;
			0.010000,0.000000,0.000000,0.000000,
			0.000000,-0.000000,0.010000,0.000000,
			0.000000,-0.010000,-0.000000,0.000000,
			0.000000,0.000000,0.000000,1.000000;;,
			9;16;
			0.010000,0.000000,0.000000,0.000000,
			0.000000,-0.000000,0.010000,0.000000,
			0.000000,-0.010000,-0.000000,0.000000,
			0.000000,0.000000,0.000000,1.000000;;,
			10;16;
			0.010000,0.000000,0.000000,0.000000,
			0.000000,-0.000000,0.010000,0.000000,
			0.000000,-0.010000,-0.000000,0.000000,
			0.000000,0.000000,0.000000,1.000000;;,
			11;16;
			0.010000,0.000000,0.000000,0.000000,
			0.000000,-0.000000,0.010000,0.000000,
			0.000000,-0.010000,-0.000000,0.000000,
			0.000000,0.000000,0.000000,1.000000;;,
			12;16;
			0.010000,0.000000,0.000000,0.000000,
			0.000000,-0.000000,0.010000,0.000000,
			0.000000,-0.010000,-0.000000,0.000000,
			0.000000,0.000000,0.000000,1.000000;;,
			13;16;
			0.010000,0.000000,0.000000,0.000000,
			0.000000,-0.000000,0.010000,0.000000,
			0.000000,-0.010000,-0.000000,0.000000,
			0.000000,0.000000,0.000000,1.000000;;,
			14;16;
			0.010000,0.000000,0.000000,0.000000,
			0.000000,-0.000000,0.010000,0.000000,
			0.000000,-0.010000,-0.000000,0.000000,
			0.000000,0.000000,0.000000,1.000000;;,
			15;16;
			0.010000,0.000000,0.000000,0.000000,
			0.000000,-0.000000,0.010000,0.000000,
			0.000000,-0.010000,-0.000000,0.000000,
			0.000000,0.000000,0.000000,1.000000;;,
			16;16;
			0.010000,0.000000,0.000000,0.000000,
			0.000000,-0.000000,0.010000,0.000000,
			0.000000,-0.010000,-0.000000,0.000000,
			0.000000,0.000000,0.000000,1.000000;;,
			17;16;
			0.010000,0.000000,0.000000,0.000000,
			0.000000,-0.000000,0.010000,0.000000,
			0.000000,-0.010000,-0.000000,0.000000,
			0.000000,0.000000,0.000000,1.000000;;,
			18;16;
			0.010000,0.000000,0.000000,0.000000,
			0.000000,-0.000000,0.010000,0.000000,
			0.000000,-0.010000,-0.000000,0.000000,
			0.000000,0.000000,0.000000,1.000000;;,
			19;16;
			0.010000,0.000000,0.000000,0.000000,
			0.000000,-0.000000,0.010000,0.000000,
			0.000000,-0.010000,-0.000000,0.000000,
			0.000000,0.000000,0.000000,1.000000;;,
			20;16;
			0.010000,0.000000,0.000000,0.000000,
			0.000000,-0.000000,0.010000,0.000000,
			0.000000,-0.010000,-0.000000,0.000000,
			0.000000,0.000000,0.000000,1.000000;;,
			21;16;
			0.010000,0.000000,0.000000,0.000000,
			0.000000,-0.000000,0.010000,0.000000,
			0.000000,-0.010000,-0.000000,0.000000,
			0.000000,0.000000,0.000000,1.000000;;,
			22;16;
			0.010000,0.000000,0.000000,0.000000,
			0.000000,-0.000000,0.010000,0.000000,
			0.000000,-0.010000,-0.000000,0.000000,
			0.000000,0.000000,0.000000,1.000000;;,
			23;16;
			0.010000,0.000000,0.000000,0.000000,
			0.000000,-0.000000,0.010000,0.000000,
			0.000000,-0.010000,-0.000000,0.000000,
			0.000000,0.000000,0.000000,1.000000;;,
			24;16;
			0.010000,0.000000,0.000000,0.000000,
			0.000000,-0.000000,0.010000,0.000000,
			0.000000,-0.010000,-0.000000,0.000000,
			0.000000,0.000000,0.000000,1.000000;;;
		}
	}
	Animation {
		{pelvis}
		AnimationKey {
			4;
			25;
			0;16;
			0.000000,-0.204203,-0.978929,0.000000,
			0.000000,0.978929,-0.204203,0.000000,
			1.000000,0.000000,0.000000,0.000000,
			0.000000,0.281806,-69.492668,1.000000;;,
			1;16;
			0.000000,-0.204203,-0.978929,0.000000,
			0.000000,0.978929,-0.204203,0.000000,
			1.000000,0.000000,0.000000,0.000000,
			0.000000,0.281806,-67.409096,1.000000;;,
			2;16;
			0.000000,-0.204203,-0.978929,0.000000,
			0.000000,0.978929,-0.204203,0.000000,
			1.000000,0.000000,0.000000,0.000000,
			0.000000,0.281806,-65.325516,1.000000;;,
			3;16;
			0.000000,-0.204203,-0.978929,0.000000,
			0.000000,0.978929,-0.204203,0.000000,
			1.000000,0.000000,0.000000,0.000000,
			0.000000,0.281806,-64.378433,1.000000;;,
			4;16;
			0.000000,-0.204203,-0.978929,0.000000,
			0.000000,0.978929,-0.204203,0.000000,
			1.000000,0.000000,0.000000,0.000000,
			0.000000,0.281806,-65.165535,1.000000;;,
			5;16;
			0.000000,-0.204203,-0.978929,0.000000,
			0.000000,0.978929,-0.204203,0.000000,
			1.000000,0.000000,0.000000,0.000000,
			0.000000,0.281806,-66.898323,1.000000;;,
			6;16;
			0.000000,-0.204203,-0.978929,0.000000,
			0.000000,0.978929,-0.204203,0.000000,
			1.000000,0.000000,0.000000,0.000000,
			0.000000,0.281806,-68.634056,1.000000;;,
			7;16;
			0.000000,-0.204203,-0.978929,0.000000,
			0.000000,0.978929,-0.204203,0.000000,
			1.000000,0.000000,0.000000,0.000000,
			0.000000,0.281806,-69.819283,1.000000;;,
			8;16;
			0.000000,-0.204203,-0.978929,0.000000,
			0.000000,0.978929,-0.204203,0.000000,
			1.000000,0.000000,0.000000,0.000000,
			0.000000,0.281806,-70.575951,1.000000;;,
			9;16;
			0.000000,-0.204203,-0.978929,0.000000,
			0.000000,0.978929,-0.204203,0.000000,
			1.000000,0.000000,0.000000,0.000000,
			0.000000,0.281806,-70.974426,1.000000;;,
			10;16;
			0.000000,-0.204203,-0.978929,0.000000,
			0.000000,0.978929,-0.204203,0.000000,
			1.000000,0.000000,0.000000,0.000000,
			0.000000,0.281806,-70.942490,1.000000;;,
			11;16;
			0.000000,-0.204203,-0.978929,0.000000,
			0.000000,0.978929,-0.204203,0.000000,
			1.000000,0.000000,0.000000,0.000000,
			0.000000,0.281806,-70.419380,1.000000;;,
			12;16;
			0.000000,-0.204203,-0.978929,0.000000,
			0.000000,0.978929,-0.204203,0.000000,
			1.000000,0.000000,0.000000,0.000000,
			0.000000,0.281806,-69.492668,1.000000;;,
			13;16;
			0.000000,-0.204203,-0.978929,0.000000,
			0.000000,0.978929,-0.204203,0.000000,
			1.000000,0.000000,0.000000,0.000000,
			0.000000,0.281806,-67.678162,1.000000;;,
			14;16;
			0.000000,-0.204203,-0.978929,0.000000,
			0.000000,0.978929,-0.204203,0.000000,
			1.000000,0.000000,0.000000,0.000000,
			0.000000,0.281806,-65.460052,1.000000;;,
			15;16;
			0.000000,-0.204203,-0.978929,0.000000,
			0.000000,0.978929,-0.204203,0.000000,
			1.000000,0.000000,0.000000,0.000000,
			0.000000,0.281806,-64.378433,1.000000;;,
			16;16;
			0.000000,-0.204203,-0.978929,0.000000,
			0.000000,0.978929,-0.204203,0.000000,
			1.000000,0.000000,0.000000,0.000000,
			0.000000,0.281806,-65.172867,1.000000;;,
			17;16;
			0.000000,-0.204203,-0.978929,0.000000,
			0.000000,0.978929,-0.204203,0.000000,
			1.000000,0.000000,0.000000,0.000000,
			0.000000,0.281806,-66.912994,1.000000;;,
			18;16;
			0.000000,-0.204203,-0.978929,0.000000,
			0.000000,0.978929,-0.204203,0.000000,
			1.000000,0.000000,0.000000,0.000000,
			0.000000,0.281806,-68.634056,1.000000;;,
			19;16;
			0.000000,-0.204203,-0.978929,0.000000,
			0.000000,0.978929,-0.204203,0.000000,
			1.000000,0.000000,0.000000,0.000000,
			0.000000,0.281806,-69.792648,1.000000;;,
			20;16;
			0.000000,-0.204203,-0.978929,0.000000,
			0.000000,0.978929,-0.204203,0.000000,
			1.000000,0.000000,0.000000,0.000000,
			0.000000,0.281806,-70.544693,1.000000;;,
			21;16;
			0.000000,-0.204203,-0.978929,0.000000,
			0.000000,0.978929,-0.204203,0.000000,
			1.000000,0.000000,0.000000,0.000000,
			0.000000,0.281806,-70.974426,1.000000;;,
			22;16;
			0.000000,-0.204203,-0.978929,0.000000,
			0.000000,0.978929,-0.204203,0.000000,
			1.000000,0.000000,0.000000,0.000000,
			0.000000,0.281806,-70.978584,1.000000;;,
			23;16;
			0.000000,-0.204203,-0.978929,0.000000,
			0.000000,0.978929,-0.204203,0.000000,
			1.000000,0.000000,0.000000,0.000000,
			0.000000,0.281806,-70.455704,1.000000;;,
			24;16;
			0.000000,-0.204203,-0.978929,0.000000,
			0.000000,0.978929,-0.204203,0.000000,
			1.000000,0.000000,0.000000,0.000000,
			0.000000,0.281806,-69.492668,1.000000;;;
		}
	}
	Animation {
		{spine_01}
		AnimationKey {
			4;
			25;
			0;16;
			0.970853,-0.233120,-0.055674,0.000000,
			0.239428,0.953882,0.181062,0.000000,
			0.010897,-0.189114,0.981895,0.000000,
			11.897056,-2.768344,-0.000000,1.000000;;,
			1;16;
			0.970863,-0.233418,-0.054238,0.000000,
			0.239391,0.954944,0.175424,0.000000,
			0.010847,-0.183297,0.982998,0.000000,
			11.897056,-2.768344,-0.000000,1.000000;;,
			2;16;
			0.970906,-0.234118,-0.050312,0.000000,
			0.239219,0.957743,0.159697,0.000000,
			0.010799,-0.167086,0.985883,0.000000,
			11.897056,-2.768344,-0.000000,1.000000;;,
			3;16;
			0.970958,-0.235115,-0.044279,0.000000,
			0.239013,0.961450,0.135967,0.000000,
			0.010604,-0.142602,0.989723,0.000000,
			11.897056,-2.768344,-0.000000,1.000000;;,
			4;16;
			0.971027,-0.236118,-0.036807,0.000000,
			0.238739,0.965275,0.106052,0.000000,
			0.010488,-0.111767,0.993679,0.000000,
			11.897056,-2.768344,-0.000000,1.000000;;,
			5;16;
			0.971095,-0.237022,-0.028183,0.000000,
			0.238471,0.968483,0.071910,0.000000,
			0.010251,-0.076553,0.997013,0.000000,
			11.897056,-2.768344,-0.000000,1.000000;;,
			6;16;
			0.971168,-0.237632,-0.019078,0.000000,
			0.238185,0.970565,0.035651,0.000000,
			0.010044,-0.039167,0.999182,0.000000,
			11.897056,-2.768344,-0.000000,1.000000;;,
			7;16;
			0.971251,-0.237850,-0.009971,0.000000,
			0.237856,0.971300,-0.000575,0.000000,
			0.009821,-0.001813,0.999950,0.000000,
			11.897056,-2.768344,-0.000000,1.000000;;,
			8;16;
			0.971321,-0.237768,-0.001438,0.000000,
			0.237575,0.970742,-0.034891,0.000000,
			0.009692,0.033549,0.999390,0.000000,
			11.897056,-2.768344,-0.000000,1.000000;;,
			9;16;
			0.971372,-0.237485,0.006136,0.000000,
			0.237374,0.969238,-0.065051,0.000000,
			0.009502,0.064645,0.997863,0.000000,
			11.897056,-2.768344,-0.000000,1.000000;;,
			10;16;
			0.971409,-0.237099,0.012176,0.000000,
			0.237227,0.967365,-0.089038,0.000000,
			0.009333,0.089381,0.995954,0.000000,
			11.897056,-2.768344,-0.000000,1.000000;;,
			11;16;
			0.971446,-0.236713,0.016106,0.000000,
			0.237078,0.965803,-0.104966,0.000000,
			0.009292,0.105787,0.994345,0.000000,
			11.897056,-2.768344,-0.000000,1.000000;;,
			12;16;
			0.971445,-0.236614,0.017544,0.000000,
			0.237083,0.965164,-0.110682,0.000000,
			0.009256,0.111680,0.993701,0.000000,
			11.897056,-2.768344,-0.000000,1.000000;;,
			13;16;
			0.971446,-0.236713,0.016106,0.000000,
			0.237078,0.965803,-0.104966,0.000000,
			0.009292,0.105787,0.994345,0.000000,
			11.897056,-2.768344,-0.000000,1.000000;;,
			14;16;
			0.971409,-0.237099,0.012176,0.000000,
			0.237227,0.967365,-0.089038,0.000000,
			0.009333,0.089381,0.995954,0.000000,
			11.897056,-2.768344,-0.000000,1.000000;;,
			15;16;
			0.971372,-0.237485,0.006136,0.000000,
			0.237374,0.969238,-0.065051,0.000000,
			0.009502,0.064645,0.997863,0.000000,
			11.897056,-2.768344,-0.000000,1.000000;;,
			16;16;
			0.971321,-0.237768,-0.001438,0.000000,
			0.237575,0.970742,-0.034891,0.000000,
			0.009692,0.033549,0.999390,0.000000,
			11.897056,-2.768344,-0.000000,1.000000;;,
			17;16;
			0.971251,-0.237850,-0.009971,0.000000,
			0.237856,0.971300,-0.000575,0.000000,
			0.009821,-0.001813,0.999950,0.000000,
			11.897056,-2.768344,-0.000000,1.000000;;,
			18;16;
			0.971168,-0.237632,-0.019078,0.000000,
			0.238185,0.970565,0.035651,0.000000,
			0.010044,-0.039167,0.999182,0.000000,
			11.897056,-2.768344,-0.000000,1.000000;;,
			19;16;
			0.971095,-0.237022,-0.028183,0.000000,
			0.238471,0.968483,0.071910,0.000000,
			0.010251,-0.076553,0.997013,0.000000,
			11.897056,-2.768344,-0.000000,1.000000;;,
			20;16;
			0.971027,-0.236118,-0.036807,0.000000,
			0.238739,0.965275,0.106052,0.000000,
			0.010488,-0.111767,0.993679,0.000000,
			11.897056,-2.768344,-0.000000,1.000000;;,
			21;16;
			0.970958,-0.235115,-0.044279,0.000000,
			0.239013,0.961450,0.135967,0.000000,
			0.010604,-0.142602,0.989723,0.000000,
			11.897056,-2.768344,-0.000000,1.000000;;,
			22;16;
			0.970906,-0.234118,-0.050312,0.000000,
			0.239219,0.957743,0.159697,0.000000,
			0.010799,-0.167086,0.985883,0.000000,
			11.897056,-2.768344,-0.000000,1.000000;;,
			23;16;
			0.970863,-0.233418,-0.054238,0.000000,
			0.239391,0.954944,0.175424,0.000000,
			0.010847,-0.183297,0.982998,0.000000,
			11.897056,-2.768344,-0.000000,1.000000;;,
			24;16;
			0.970853,-0.233120,-0.055674,0.000000,
			0.239428,0.953882,0.181062,0.000000,
			0.010897,-0.189114,0.981895,0.000000,
			11.897056,-2.768344,-0.000000,1.000000;;;
		}
	}
	Animation {
		{spine_02}
		AnimationKey {
			4;
			25;
			0;16;
			0.995138,0.098494,0.000000,0.000000,
			-0.098494,0.995138,0.000000,0.000000,
			0.000000,0.000000,1.000000,0.000000,
			14.500739,1.261342,-0.000000,1.000000;;,
			1;16;
			0.997694,0.067826,0.002684,0.000000,
			-0.067829,0.997696,0.000959,0.000000,
			-0.002613,-0.001139,0.999996,0.000000,
			14.500739,1.261342,-0.000000,1.000000;;,
			2;16;
			0.999297,0.037094,0.005369,0.000000,
			-0.037106,0.999309,0.002109,0.000000,
			-0.005287,-0.002307,0.999983,0.000000,
			14.500739,1.261342,-0.000000,1.000000;;,
			3;16;
			0.999709,0.023199,0.006615,0.000000,
			-0.023217,0.999727,0.002684,0.000000,
			-0.006551,-0.002837,0.999975,0.000000,
			14.500739,1.261342,-0.000000,1.000000;;,
			4;16;
			0.999673,0.024733,0.006423,0.000000,
			-0.024750,0.999690,0.002589,0.000000,
			-0.006357,-0.002747,0.999976,0.000000,
			14.500739,1.261342,-0.000000,1.000000;;,
			5;16;
			0.999508,0.030770,0.006136,0.000000,
			-0.030786,0.999523,0.002493,0.000000,
			-0.006056,-0.002680,0.999978,0.000000,
			14.500739,1.261342,-0.000000,1.000000;;,
			6;16;
			0.999056,0.043033,0.005944,0.000000,
			-0.043048,0.999070,0.002397,0.000000,
			-0.005835,-0.002650,0.999979,0.000000,
			14.500739,1.261342,-0.000000,1.000000;;,
			7;16;
			0.997558,0.069547,0.006423,0.000000,
			-0.069564,0.997574,0.002493,0.000000,
			-0.006234,-0.002933,0.999976,0.000000,
			14.500739,1.261342,-0.000000,1.000000;;,
			8;16;
			0.994726,0.102307,0.007286,0.000000,
			-0.102330,0.994746,0.002876,0.000000,
			-0.006954,-0.003607,0.999969,0.000000,
			14.500739,1.261342,-0.000000,1.000000;;,
			9;16;
			0.992958,0.118220,0.007670,0.000000,
			-0.118246,0.992980,0.003068,0.000000,
			-0.007253,-0.003953,0.999966,0.000000,
			14.500739,1.261342,-0.000000,1.000000;;,
			10;16;
			0.993116,0.116887,0.007574,0.000000,
			-0.116912,0.993138,0.002972,0.000000,
			-0.007174,-0.003837,0.999967,0.000000,
			14.500739,1.261342,-0.000000,1.000000;;,
			11;16;
			0.993602,0.112696,0.007382,0.000000,
			-0.112721,0.993622,0.002972,0.000000,
			-0.007000,-0.003785,0.999968,0.000000,
			14.500739,1.261342,-0.000000,1.000000;;,
			12;16;
			0.994379,0.105645,0.007095,0.000000,
			-0.105667,0.994397,0.002876,0.000000,
			-0.006751,-0.003610,0.999971,0.000000,
			14.500739,1.261342,-0.000000,1.000000;;,
			13;16;
			0.995753,0.091812,0.006807,0.000000,
			-0.091832,0.995771,0.002780,0.000000,
			-0.006523,-0.003394,0.999973,0.000000,
			14.500739,1.261342,-0.000000,1.000000;;,
			14;16;
			0.997155,0.075093,0.006519,0.000000,
			-0.075111,0.997172,0.002589,0.000000,
			-0.006306,-0.003071,0.999975,0.000000,
			14.500739,1.261342,-0.000000,1.000000;;,
			15;16;
			0.997742,0.066869,0.006232,0.000000,
			-0.066886,0.997758,0.002493,0.000000,
			-0.006051,-0.002904,0.999977,0.000000,
			14.500739,1.261342,-0.000000,1.000000;;,
			16;16;
			0.997560,0.069547,0.006040,0.000000,
			-0.069562,0.997575,0.002397,0.000000,
			-0.005859,-0.002811,0.999979,0.000000,
			14.500739,1.261342,-0.000000,1.000000;;,
			17;16;
			0.997020,0.076909,0.005944,0.000000,
			-0.076925,0.997034,0.002397,0.000000,
			-0.005742,-0.002847,0.999979,0.000000,
			14.500739,1.261342,-0.000000,1.000000;;,
			18;16;
			0.996106,0.087993,0.005465,0.000000,
			-0.088006,0.996117,0.002205,0.000000,
			-0.005250,-0.002677,0.999983,0.000000,
			14.500739,1.261342,-0.000000,1.000000;;,
			19;16;
			0.994160,0.107839,0.004027,0.000000,
			-0.107846,0.994166,0.001726,0.000000,
			-0.003817,-0.002150,0.999990,0.000000,
			14.500739,1.261342,-0.000000,1.000000;;,
			20;16;
			0.991334,0.131350,0.002013,0.000000,
			-0.131352,0.991335,0.001055,0.000000,
			-0.001857,-0.001310,0.999997,0.000000,
			14.500739,1.261342,-0.000000,1.000000;;,
			21;16;
			0.989773,0.142651,0.000575,0.000000,
			-0.142652,0.989773,0.000575,0.000000,
			-0.000487,-0.000651,1.000000,0.000000,
			14.500739,1.261342,-0.000000,1.000000;;,
			22;16;
			0.990915,0.134486,0.000192,0.000000,
			-0.134486,0.990915,0.000288,0.000000,
			-0.000151,-0.000311,1.000000,0.000000,
			14.500739,1.261342,-0.000000,1.000000;;,
			23;16;
			0.993190,0.116509,0.000096,0.000000,
			-0.116509,0.993190,0.000192,0.000000,
			-0.000073,-0.000202,1.000000,0.000000,
			14.500739,1.261342,-0.000000,1.000000;;,
			24;16;
			0.995138,0.098494,0.000000,0.000000,
			-0.098494,0.995138,0.000000,0.000000,
			0.000000,0.000000,1.000000,0.000000,
			14.500739,1.261342,-0.000000,1.000000;;;
		}
	}
	Animation {
		{neck_01}
		AnimationKey {
			4;
			25;
			0;16;
			0.998146,-0.056233,-0.023295,0.000000,
			0.054192,0.995279,-0.080520,0.000000,
			0.027713,0.079109,0.996481,0.000000,
			21.878693,0.005165,-0.000000,1.000000;;,
			1;16;
			0.998193,-0.056044,-0.021666,0.000000,
			0.054190,0.995454,-0.078326,0.000000,
			0.025957,0.077010,0.996692,0.000000,
			21.878693,0.005165,-0.000000,1.000000;;,
			2;16;
			0.998302,-0.055666,-0.017161,0.000000,
			0.054293,0.995917,-0.072120,0.000000,
			0.021105,0.071065,0.997248,0.000000,
			21.878693,0.005165,-0.000000,1.000000;;,
			3;16;
			0.998426,-0.055096,-0.010450,0.000000,
			0.054336,0.996549,-0.062753,0.000000,
			0.013871,0.062086,0.997974,0.000000,
			21.878693,0.005165,-0.000000,1.000000;;,
			4;16;
			0.998505,-0.054621,-0.001917,0.000000,
			0.054452,0.997209,-0.051078,0.000000,
			0.004702,0.050897,0.998693,0.000000,
			21.878693,0.005165,-0.000000,1.000000;;,
			5;16;
			0.998493,-0.054332,0.007670,0.000000,
			0.054584,0.997798,-0.037668,0.000000,
			-0.005606,0.038030,0.999261,0.000000,
			21.878693,0.005165,-0.000000,1.000000;;,
			6;16;
			0.998368,-0.054229,0.017927,0.000000,
			0.054645,0.998227,-0.023579,0.000000,
			-0.016617,0.024520,0.999561,0.000000,
			21.878693,0.005165,-0.000000,1.000000;;,
			7;16;
			0.998121,-0.054408,0.028183,0.000000,
			0.054691,0.998459,-0.009392,0.000000,
			-0.027628,0.010915,0.999559,0.000000,
			21.878693,0.005165,-0.000000,1.000000;;,
			8;16;
			0.997784,-0.054773,0.037765,0.000000,
			0.054664,0.998497,0.003928,0.000000,
			-0.037923,-0.001855,0.999279,0.000000,
			21.878693,0.005165,-0.000000,1.000000;;,
			9;16;
			0.997395,-0.055327,0.046290,0.000000,
			0.054653,0.998382,0.015706,0.000000,
			-0.047084,-0.013135,0.998805,0.000000,
			21.878693,0.005165,-0.000000,1.000000;;,
			10;16;
			0.997025,-0.055882,0.053089,0.000000,
			0.054612,0.998193,0.025081,0.000000,
			-0.054394,-0.022107,0.998275,0.000000,
			21.878693,0.005165,-0.000000,1.000000;;,
			11;16;
			0.996755,-0.056346,0.057492,0.000000,
			0.054613,0.998017,0.031294,0.000000,
			-0.059142,-0.028052,0.997855,0.000000,
			21.878693,0.005165,-0.000000,1.000000;;,
			12;16;
			0.996649,-0.056532,0.059119,0.000000,
			0.054619,0.997945,0.033491,0.000000,
			-0.060891,-0.030150,0.997689,0.000000,
			21.878693,0.005165,-0.000000,1.000000;;,
			13;16;
			0.996755,-0.056346,0.057492,0.000000,
			0.054613,0.998017,0.031294,0.000000,
			-0.059142,-0.028052,0.997855,0.000000,
			21.878693,0.005165,-0.000000,1.000000;;,
			14;16;
			0.997025,-0.055882,0.053089,0.000000,
			0.054612,0.998193,0.025081,0.000000,
			-0.054394,-0.022107,0.998275,0.000000,
			21.878693,0.005165,-0.000000,1.000000;;,
			15;16;
			0.997395,-0.055327,0.046290,0.000000,
			0.054653,0.998382,0.015706,0.000000,
			-0.047084,-0.013135,0.998805,0.000000,
			21.878693,0.005165,-0.000000,1.000000;;,
			16;16;
			0.997784,-0.054773,0.037765,0.000000,
			0.054664,0.998497,0.003928,0.000000,
			-0.037923,-0.001855,0.999279,0.000000,
			21.878693,0.005165,-0.000000,1.000000;;,
			17;16;
			0.998121,-0.054408,0.028183,0.000000,
			0.054691,0.998459,-0.009392,0.000000,
			-0.027628,0.010915,0.999559,0.000000,
			21.878693,0.005165,-0.000000,1.000000;;,
			18;16;
			0.998368,-0.054229,0.017927,0.000000,
			0.054645,0.998227,-0.023579,0.000000,
			-0.016617,0.024520,0.999561,0.000000,
			21.878693,0.005165,-0.000000,1.000000;;,
			19;16;
			0.998493,-0.054332,0.007670,0.000000,
			0.054584,0.997798,-0.037668,0.000000,
			-0.005606,0.038030,0.999261,0.000000,
			21.878693,0.005165,-0.000000,1.000000;;,
			20;16;
			0.998505,-0.054621,-0.001917,0.000000,
			0.054452,0.997209,-0.051078,0.000000,
			0.004702,0.050897,0.998693,0.000000,
			21.878693,0.005165,-0.000000,1.000000;;,
			21;16;
			0.998426,-0.055096,-0.010450,0.000000,
			0.054336,0.996549,-0.062753,0.000000,
			0.013871,0.062086,0.997974,0.000000,
			21.878693,0.005165,-0.000000,1.000000;;,
			22;16;
			0.998302,-0.055666,-0.017161,0.000000,
			0.054293,0.995917,-0.072120,0.000000,
			0.021105,0.071065,0.997248,0.000000,
			21.878693,0.005165,-0.000000,1.000000;;,
			23;16;
			0.998193,-0.056044,-0.021666,0.000000,
