xof 0303txt 0032
Frame root {
	FrameTransformMatrix {
		0.010000,0.000000,0.000000,0.000000,
		0.000000,-0.000000,0.010000,0.000000,
		0.000000,-0.010000,-0.000000,0.000000,
		0.000000,0.000000,0.000000,1.000000;;
	}
	Frame pelvis {
		FrameTransformMatrix {
			0.077452,0.738270,-0.670044,0.000000,
			-0.072932,0.674457,0.734703,0.000000,
			0.994325,-0.008037,0.106081,0.000000,
			-3.737759,-7.520345,-61.588299,1.000000;;
		}
		Frame spine_01 {
			FrameTransformMatrix {
				0.970486,-0.221265,0.095908,0.000000,
				0.233451,0.961716,-0.143538,0.000000,
				-0.060476,0.161691,0.984987,0.000000,
				11.897056,-2.768344,-0.000000,1.000000;;
			}
			Frame spine_02 {
				FrameTransformMatrix {
					0.987664,0.143103,-0.063570,0.000000,
					-0.147532,0.986470,-0.071490,0.000000,
					0.052479,0.079987,0.995414,0.000000,
					14.500739,1.261342,-0.000000,1.000000;;
				}
				Frame spine_03 {
					FrameTransformMatrix {
						0.996790,0.080065,-0.000000,0.000000,
						-0.080065,0.996790,-0.000000,0.000000,
						0.000000,0.000000,1.000000,0.000000,
						12.496109,0.321524,-0.000000,1.000000;;
					}
					Frame neck_01 {
						FrameTransformMatrix {
							0.915335,-0.289958,0.279438,0.000000,
							0.390314,0.809553,-0.438495,0.000000,
							-0.099075,0.510439,0.854188,0.000000,
							21.878693,0.005165,-0.000000,1.000000;;
						}
						Frame head {
							FrameTransformMatrix {
								0.981679,0.190542,-0.000000,0.000000,
								-0.190542,0.981679,0.000000,0.000000,
								0.000000,0.000000,1.000000,0.000000,
								25.710386,0.140607,-0.000000,1.000000;;
							}
							Frame Hair01_l {
								FrameTransformMatrix {
									-0.865490,-0.494134,0.082216,0.000000,
									-0.491919,0.869386,0.046729,0.000000,
									-0.094568,0.000000,-0.995518,0.000000,
									-2.802900,-2.445666,17.216135,1.000000;;
								}
								Frame Hair02_l {
									FrameTransformMatrix {
										0.918825,-0.391611,0.049004,0.000000,
										0.392547,0.919668,-0.010815,0.000000,
										-0.040832,0.029174,0.998740,0.000000,
										17.107462,0.000000,0.000000,1.000000;;
									}
									Frame Hair03_l {
										FrameTransformMatrix {
											-0.000485,0.184884,-0.982760,0.000000,
											-0.793430,0.598098,0.112910,0.000000,
											0.608662,0.779806,0.146402,0.000000,
											17.868711,0.000000,-0.000000,1.000000;;
										}
									}
								}
							}
							Frame Hair01_r {
								FrameTransformMatrix {
									0.854239,0.494134,0.161581,0.000000,
									0.485524,-0.869386,0.091838,0.000000,
									0.185856,0.000000,-0.982577,0.000000,
									-2.802879,-2.445665,-17.216101,1.000000;;
								}
								Frame Hair02_r {
									FrameTransformMatrix {
										0.919433,-0.391611,-0.035831,0.000000,
										0.389883,0.919668,-0.046924,0.000000,
										0.051329,0.029174,0.998256,0.000000,
										-17.107590,-0.000088,0.000030,1.000000;;
									}
									Frame Hair03_r {
										FrameTransformMatrix {
											-0.000485,0.184884,-0.982760,0.000000,
											-0.793430,0.598098,0.112910,0.000000,
											0.608662,0.779806,0.146402,0.000000,
											-17.868824,-0.000087,-0.000017,1.000000;;
										}
									}
								}
							}
						}
					}
					Frame clavicle_l {
						FrameTransformMatrix {
							-0.132891,0.446703,0.884758,0.000000,
							0.261614,0.876826,-0.403403,0.000000,
							-0.955980,0.177857,-0.233386,0.000000,
							8.485651,-3.456696,9.015220,1.000000;;
						}
						Frame upperarm_l {
							FrameTransformMatrix {
								0.849570,-0.464141,-0.250605,0.000000,
								0.459517,0.884521,-0.080409,0.000000,
								0.258987,-0.046844,0.964744,0.000000,
								12.778380,-0.000000,-0.000000,1.000000;;
							}
							Frame lowerarm_l {
								FrameTransformMatrix {
									0.634898,-0.772596,0.000037,0.000000,
									0.772596,0.634898,-0.000001,0.000000,
									-0.000023,0.000029,1.000000,0.000000,
									35.128559,1.515315,-0.004476,1.000000;;
								}
								Frame hand_l {
									FrameTransformMatrix {
										0.928514,-0.339249,0.150902,0.000000,
										-0.306139,-0.469527,0.828145,0.000000,
										-0.210094,-0.815141,-0.539820,0.000000,
										23.148167,-0.587805,0.000000,1.000000;;
									}
									Frame thumb_01_l {
										FrameTransformMatrix {
											0.490534,0.434275,0.755501,0.000000,
											0.783395,0.159954,-0.600589,0.000000,
											-0.381666,0.886465,-0.261746,0.000000,
											7.761036,2.573662,8.277136,1.000000;;
										}
										Frame thumb_02_l {
											FrameTransformMatrix {
												0.741114,0.652726,0.157156,0.000000,
												-0.654811,0.754424,-0.045449,0.000000,
												-0.148228,-0.069225,0.986527,0.000000,
												9.421203,-0.593851,-0.083314,1.000000;;
											}
											Frame thumb_03_l {
												FrameTransformMatrix {
													0.996908,0.056475,0.054638,0.000000,
													-0.056363,0.998404,-0.003600,0.000000,
													-0.054754,0.000509,0.998500,0.000000,
													8.910820,-0.377085,-0.058631,1.000000;;
												}
											}
										}
									}
									Frame index_01_l {
										FrameTransformMatrix {
											0.964393,0.263696,0.020244,0.000000,
											-0.257287,0.953161,-0.159017,0.000000,
											-0.061228,0.148146,0.987068,0.000000,
											16.470049,-1.438421,6.613763,1.000000;;
										}
										Frame index_02_l {
											FrameTransformMatrix {
												0.957918,0.286940,0.007690,0.000000,
												-0.286925,0.957948,-0.002970,0.000000,
												-0.008219,0.000639,0.999966,0.000000,
												9.508547,-0.644083,0.623717,1.000000;;
											}
											Frame index_03_l {
												FrameTransformMatrix {
													0.999086,0.000000,0.042746,0.000000,
													0.001634,0.999269,-0.038183,0.000000,
													-0.042715,0.038218,0.998356,0.000000,
													6.657951,-1.016678,0.346394,1.000000;;
												}
											}
										}
									}
									Frame ring_01_l {
										FrameTransformMatrix {
											0.952616,0.304081,-0.007590,0.000000,
											-0.304044,0.952641,0.005596,0.000000,
											0.008932,-0.003023,0.999956,0.000000,
											17.496222,-2.933048,-3.587839,1.000000;;
										}
										Frame ring_02_l {
											FrameTransformMatrix {
												0.962116,0.271281,-0.027199,0.000000,
												-0.272052,0.961802,-0.030417,0.000000,
												0.017909,0.036664,0.999167,0.000000,
												8.391934,-0.606711,-0.010261,1.000000;;
											}
											Frame ring_03_l {
												FrameTransformMatrix {
													0.999811,0.000000,0.019435,0.000000,
													0.000000,1.000000,0.000000,0.000000,
													-0.019435,0.000000,0.999811,0.000000,
													7.046853,-1.159921,0.318573,1.000000;;
												}
											}
										}
									}
								}
							}
						}
						Frame Shoulder_l {
							FrameTransformMatrix {
								0.819207,-0.373515,-0.435185,0.000000,
								0.414860,0.909885,0.000000,0.000000,
								0.395968,-0.180541,0.900341,0.000000,
								10.304173,0.218627,-8.783108,1.000000;;
							}
							Frame FrontGarment01_l {
								FrameTransformMatrix {
									-0.025873,-0.200843,0.979282,0.000000,
									0.075283,0.976436,0.202248,0.000000,
									-0.996826,0.078956,-0.010144,0.000000,
									6.505432,-12.660301,4.465258,1.000000;;
								}
								Frame FrontGarment02_l {
									FrameTransformMatrix {
										0.948140,-0.061447,-0.311856,0.000000,
										0.057249,0.998104,-0.022608,0.000000,
										0.312654,0.003582,0.949860,0.000000,
										41.093178,0.000000,0.000000,1.000000;;
									}
									Frame FrontGarment03_l {
										FrameTransformMatrix {
											0.999928,-0.009892,-0.006751,0.000000,
											0.009883,0.999950,-0.001354,0.000000,
											0.006764,0.001288,0.999976,0.000000,
											41.610046,-0.000000,0.000000,1.000000;;
										}
									}
								}
							}
							Frame RearGarment01_l {
								FrameTransformMatrix {
									-0.004148,0.262809,0.964839,0.000000,
									-0.050063,0.963583,-0.262682,0.000000,
									-0.998738,-0.049392,0.009160,0.000000,
									-1.554315,15.130317,1.799134,1.000000;;
								}
								Frame RearGarment02_l {
									FrameTransformMatrix {
										0.998331,0.052627,-0.023780,0.000000,
										-0.052485,0.998600,0.006555,0.000000,
										0.024091,-0.005296,0.999696,0.000000,
										36.183285,-0.000000,0.000000,1.000000;;
									}
									Frame RearGarment03_l {
										FrameTransformMatrix {
											0.995878,-0.046665,0.077776,0.000000,
											0.047857,0.998763,-0.013528,0.000000,
											-0.077048,0.017195,0.996879,0.000000,
											40.224743,0.000000,-0.000000,1.000000;;
										}
										Frame RearGarment04_l {
											FrameTransformMatrix {
												0.999847,0.015555,0.007965,0.000000,
												-0.015543,0.999878,-0.001513,0.000000,
												-0.007988,0.001389,0.999967,0.000000,
												42.256981,0.000000,0.000000,1.000000;;
											}
										}
									}
								}
							}
							Frame ShoulderPad_l {
								FrameTransformMatrix {
									0.983656,-0.154768,0.092019,0.000000,
									0.155974,0.987743,-0.006020,0.000000,
									-0.089960,0.020274,0.995739,0.000000,
									20.547165,0.656359,-0.793545,1.000000;;
								}
							}
						}
					}
					Frame clavicle_r {
						FrameTransformMatrix {
							0.132891,-0.446703,0.884758,0.000000,
							-0.261615,-0.876826,-0.403403,0.000000,
							0.955980,-0.177857,-0.233386,0.000000,
							8.485809,-3.456726,-9.015220,1.000000;;
						}
						Frame upperarm_r {
							FrameTransformMatrix {
								0.978442,-0.182035,-0.097543,0.000000,
								0.204218,0.923167,0.325664,0.000000,
								0.030766,-0.338563,0.940441,0.000000,
								-12.778482,0.000044,-0.000437,1.000000;;
							}
							Frame lowerarm_r {
								FrameTransformMatrix {
									0.697290,-0.716790,0.000038,0.000000,
									0.716790,0.697290,-0.000010,0.000000,
									-0.000019,0.000034,1.000000,0.000000,
									-35.128563,-1.515309,0.004754,1.000000;;
								}
								Frame hand_r {
									FrameTransformMatrix {
										0.825101,0.500261,0.262576,0.000000,
										-0.153532,-0.248728,0.956327,0.000000,
										0.543724,-0.829381,-0.128420,0.000000,
										-23.148169,0.587807,0.000246,1.000000;;
									}
									Frame thumb_01_r {
										FrameTransformMatrix {
											-0.132956,0.379465,0.915603,0.000000,
											0.974792,0.217071,0.051587,0.000000,
											-0.179176,0.899381,-0.398761,0.000000,
											-7.761057,-2.573982,-8.277136,1.000000;;
										}
										Frame thumb_02_r {
											FrameTransformMatrix {
												0.031839,0.947397,0.318475,0.000000,
												-0.998292,0.045760,-0.036323,0.000000,
												-0.048985,-0.316774,0.947235,0.000000,
												-9.421142,0.593876,0.083643,1.000000;;
											}
											Frame thumb_03_r {
												FrameTransformMatrix {
													0.996908,0.056475,0.054638,0.000000,
													-0.056363,0.998404,-0.003600,0.000000,
													-0.054754,0.000509,0.998500,0.000000,
													-8.910397,0.377178,0.058603,1.000000;;
												}
											}
										}
									}
									Frame index_01_r {
										FrameTransformMatrix {
											0.224827,0.974188,0.020244,0.000000,
											-0.961260,0.225148,-0.159017,0.000000,
											-0.159470,0.016291,0.987068,0.000000,
											-16.470009,1.438024,-6.613760,1.000000;;
										}
										Frame index_02_r {
											FrameTransformMatrix {
												-0.211962,0.977248,0.007690,0.000000,
												-0.977277,-0.211945,-0.002970,0.000000,
												-0.001273,-0.008144,0.999966,0.000000,
												-9.508614,0.643767,-0.623766,1.000000;;
											}
											Frame index_03_r {
												FrameTransformMatrix {
													0.999086,-0.000000,0.042746,0.000000,
													0.001634,0.999269,-0.038183,0.000000,
													-0.042715,0.038218,0.998356,0.000000,
													-6.657835,1.017637,-0.346229,1.000000;;
												}
											}
										}
									}
									Frame ring_01_r {
										FrameTransformMatrix {
											0.172474,0.984985,-0.007590,0.000000,
											-0.984990,0.172518,0.005596,0.000000,
											0.006822,0.006511,0.999956,0.000000,
											-17.496218,2.933113,3.587840,1.000000;;
										}
										Frame ring_02_r {
											FrameTransformMatrix {
												-0.082666,0.996206,-0.027199,0.000000,
												-0.996045,-0.083483,-0.030417,0.000000,
												-0.032572,0.024577,0.999167,0.000000,
												-8.392414,0.606222,0.010262,1.000000;;
											}
											Frame ring_03_r {
												FrameTransformMatrix {
													0.999811,0.000000,0.019435,0.000000,
													0.000000,1.000000,0.000000,0.000000,
													-0.019435,0.000000,0.999811,0.000000,
													-7.046180,1.160231,-0.318541,1.000000;;
												}
											}
										}
									}
								}
							}
						}
						Frame Shoulder_r {
							FrameTransformMatrix {
								0.819207,-0.373515,-0.435185,0.000000,
								0.414860,0.909885,0.000000,0.000000,
								0.395968,-0.180541,0.900341,0.000000,
								-10.304314,-0.218563,8.782545,1.000000;;
							}
							Frame FrontGarment01_r {
								FrameTransformMatrix {
									-0.196514,-0.190696,0.961778,0.000000,
									0.021317,0.979842,0.198633,0.000000,
									-0.980269,0.059536,-0.188488,0.000000,
									-6.505545,12.660254,-4.464426,1.000000;;
								}
								Frame FrontGarment02_r {
									FrameTransformMatrix {
										0.989446,-0.046458,-0.137251,0.000000,
										0.043270,0.998722,-0.026126,0.000000,
										0.138289,0.019912,0.990192,0.000000,
										-41.093552,-0.000013,0.000059,1.000000;;
									}
									Frame FrontGarment03_r {
										FrameTransformMatrix {
											0.999928,-0.009892,-0.006751,0.000000,
											0.009883,0.999950,-0.001354,0.000000,
											0.006764,0.001288,0.999976,0.000000,
											-41.610119,-0.000034,-0.000061,1.000000;;
										}
									}
								}
							}
							Frame RearGarment01_r {
								FrameTransformMatrix {
									0.002594,0.262829,0.964839,0.000000,
									-0.025332,0.964550,-0.262682,0.000000,
									-0.999676,-0.023760,0.009160,0.000000,
									1.554375,-15.130346,-1.799159,1.000000;;
								}
								Frame RearGarment02_r {
									FrameTransformMatrix {
										0.999352,0.027004,-0.023780,0.000000,
										-0.026855,0.999618,0.006555,0.000000,
										0.023947,-0.005912,0.999696,0.000000,
										-36.182835,-0.000128,0.000127,1.000000;;
									}
									Frame RearGarment03_r {
										FrameTransformMatrix {
											0.994354,-0.072193,0.077776,0.000000,
											0.073458,0.997207,-0.013528,0.000000,
											-0.076582,0.019165,0.996879,0.000000,
											-40.224739,0.000081,0.000045,1.000000;;
										}
										Frame RearGarment04_r {
											FrameTransformMatrix {
												0.999847,0.015555,0.007965,0.000000,
												-0.015543,0.999878,-0.001513,0.000000,
												-0.007988,0.001389,0.999967,0.000000,
												-42.257042,-0.000060,-0.000074,1.000000;;
											}
										}
									}
								}
							}
							Frame ShoulderPad_r {
								FrameTransformMatrix {
									0.966532,-0.000000,0.256545,0.000000,
									0.000000,1.000000,-0.000000,0.000000,
									-0.256545,0.000000,0.966532,0.000000,
									-20.547209,-0.656356,0.793856,1.000000;;
								}
							}
						}
					}
				}
			}
		}
		Frame thigh_l {
			FrameTransformMatrix {
				0.535292,0.313384,-0.784380,0.000000,
				-0.839132,0.303437,-0.451424,0.000000,
				0.096541,0.899842,0.425398,0.000000,
				-3.230826,0.808217,13.133170,1.000000;;
			}
			Frame calf_l {
				FrameTransformMatrix {
					0.503445,-0.854810,-0.125868,0.000000,
					0.862464,0.505933,0.013715,0.000000,
					0.051957,-0.115461,0.991952,0.000000,
					-27.418129,-0.542472,0.323017,1.000000;;
				}
				Frame foot_l {
					FrameTransformMatrix {
						0.934114,0.254747,0.250071,0.000000,
						-0.282159,0.956020,0.080077,0.000000,
						-0.218674,-0.145361,0.964910,0.000000,
						-34.662071,3.020201,1.231595,1.000000;;
					}
					Frame ball_l {
						FrameTransformMatrix {
							-0.008342,-0.999839,0.015913,0.000000,
							0.999939,-0.008226,0.007351,0.000000,
							-0.007219,0.015973,0.999846,0.000000,
							-6.847696,-16.243237,0.775744,1.000000;;
						}
					}
				}
			}
		}
		Frame thigh_r {
			FrameTransformMatrix {
				-0.925234,-0.353624,-0.137450,0.000000,
				0.357989,-0.693737,-0.624958,0.000000,
				0.125646,-0.627438,0.768463,0.000000,
				-3.230861,0.808215,-13.133200,1.000000;;
			}
			Frame calf_r {
				FrameTransformMatrix {
					0.549616,-0.826912,-0.118907,0.000000,
					0.833730,0.551964,0.015184,0.000000,
					0.053077,-0.107482,0.992789,0.000000,
					27.418112,0.542467,-0.322981,1.000000;;
				}
				Frame foot_r {
					FrameTransformMatrix {
						0.843619,0.402970,0.354856,0.000000,
						-0.506748,0.816021,0.278058,0.000000,
						-0.177521,-0.414397,0.892615,0.000000,
						34.662056,-3.020197,-1.231645,1.000000;;
					}
					Frame ball_r {
						FrameTransformMatrix {
							-0.448013,-0.893885,0.015913,0.000000,
							0.894027,-0.447953,0.007351,0.000000,
							0.000557,0.017520,0.999846,0.000000,
							6.847691,16.243235,-0.775746,1.000000;;
						}
					}
				}
			}
		}
		Frame Weapon {
			FrameTransformMatrix {
				0.649202,0.276568,0.708552,0.000000,
				-0.715416,0.538370,0.445350,0.000000,
				-0.258294,-0.796032,0.547373,0.000000,
				23.073790,-36.727066,-69.466057,1.000000;;
			}
		}
	}
}
Frame WizardBody {
	FrameTransformMatrix {
		0.010000,0.000000,0.000000,0.000000,
		0.000000,-0.000000,0.010000,0.000000,
		0.000000,-0.010000,-0.000000,0.000000,
		0.000000,0.000000,0.000000,1.000000;;
	}
}
AnimationSet Take_001 {
	Animation {
		{root}
		AnimationKey {
			4;
			41;
			0;16;
			0.010000,0.000000,0.000000,0.000000,
			0.000000,-0.000000,0.010000,0.000000,
			0.000000,-0.010000,-0.000000,0.000000,
			0.000000,0.000000,0.000000,1.000000;;,
			1;16;
			0.010000,0.000000,0.000000,0.000000,
			0.000000,-0.000000,0.010000,0.000000,
			0.000000,-0.010000,-0.000000,0.000000,
			0.000000,0.000000,0.000000,1.000000;;,
			2;16;
			0.010000,0.000000,0.000000,0.000000,
			0.000000,-0.000000,0.010000,0.000000,
			0.000000,-0.010000,-0.000000,0.000000,
			0.000000,0.000000,0.000000,1.000000;;,
			3;16;
			0.010000,0.000000,0.000000,0.000000,
			0.000000,-0.000000,0.010000,0.000000,
			0.000000,-0.010000,-0.000000,0.000000,
			0.000000,0.000000,0.000000,1.000000;;,
			4;16;
			0.010000,0.000000,0.000000,0.000000,
			0.000000,-0.000000,0.010000,0.000000,
			0.000000,-0.010000,-0.000000,0.000000,
			0.000000,0.000000,0.000000,1.000000;;,
			5;16;
			0.010000,0.000000,0.000000,0.000000,
			0.000000,-0.000000,0.010000,0.000000,
			0.000000,-0.010000,-0.000000,0.000000,
			0.000000,0.000000,0.000000,1.000000;;,
			6;16;
			0.010000,0.000000,0.000000,0.000000,
			0.000000,-0.000000,0.010000,0.000000,
			0.000000,-0.010000,-0.000000,0.000000,
			0.000000,0.000000,0.000000,1.000000;;,
			7;16;
			0.010000,0.000000,0.000000,0.000000,
			0.000000,-0.000000,0.010000,0.000000,
			0.000000,-0.010000,-0.000000,0.000000,
			0.000000,0.000000,0.000000,1.000000;;,
			8;16;
			0.010000,0.000000,0.000000,0.000000,
			0.000000,-0.000000,0.010000,0.000000,
			0.000000,-0.010000,-0.000000,0.000000,
			0.000000,0.000000,0.000000,1.000000;;,
			9;16;
			0.010000,0.000000,0.000000,0.000000,
			0.000000,-0.000000,0.010000,0.000000,
			0.000000,-0.010000,-0.000000,0.000000,
			0.000000,0.000000,0.000000,1.000000;;,
			10;16;
			0.010000,0.000000,0.000000,0.000000,
			0.000000,-0.000000,0.010000,0.000000,
			0.000000,-0.010000,-0.000000,0.000000,
			0.000000,0.000000,0.000000,1.000000;;,
			11;16;
			0.010000,0.000000,0.000000,0.000000,
			0.000000,-0.000000,0.010000,0.000000,
			0.000000,-0.010000,-0.000000,0.000000,
			0.000000,0.000000,0.000000,1.000000;;,
			12;16;
			0.010000,0.000000,0.000000,0.000000,
			0.000000,-0.000000,0.010000,0.000000,
			0.000000,-0.010000,-0.000000,0.000000,
			0.000000,0.000000,0.000000,1.000000;;,
			13;16;
			0.010000,0.000000,0.000000,0.000000,
			0.000000,-0.000000,0.010000,0.000000,
			0.000000,-0.010000,-0.000000,0.000000,
			0.000000,0.000000,0.000000,1.000000;;,
			14;16;
			0.010000,0.000000,0.000000,0.000000,
			0.000000,-0.000000,0.010000,0.000000,
			0.000000,-0.010000,-0.000000,0.000000,
			0.000000,0.000000,0.000000,1.000000;;,
			15;16;
			0.010000,0.000000,0.000000,0.000000,
			0.000000,-0.000000,0.010000,0.000000,
			0.000000,-0.010000,-0.000000,0.000000,
			0.000000,0.000000,0.000000,1.000000;;,
			16;16;
			0.010000,0.000000,0.000000,0.000000,
			0.000000,-0.000000,0.010000,0.000000,
			0.000000,-0.010000,-0.000000,0.000000,
			0.000000,0.000000,0.000000,1.000000;;,
			17;16;
			0.010000,0.000000,0.000000,0.000000,
			0.000000,-0.000000,0.010000,0.000000,
			0.000000,-0.010000,-0.000000,0.000000,
			0.000000,0.000000,0.000000,1.000000;;,
			18;16;
			0.010000,0.000000,0.000000,0.000000,
			0.000000,-0.000000,0.010000,0.000000,
			0.000000,-0.010000,-0.000000,0.000000,
			0.000000,0.000000,0.000000,1.000000;;,
			19;16;
			0.010000,0.000000,0.000000,0.000000,
			0.000000,-0.000000,0.010000,0.000000,
			0.000000,-0.010000,-0.000000,0.000000,
			0.000000,0.000000,0.000000,1.000000;;,
			20;16;
			0.010000,0.000000,0.000000,0.000000,
			0.000000,-0.000000,0.010000,0.000000,
			0.000000,-0.010000,-0.000000,0.000000,
			0.000000,0.000000,0.000000,1.000000;;,
			21;16;
			0.010000,0.000000,0.000000,0.000000,
			0.000000,-0.000000,0.010000,0.000000,
			0.000000,-0.010000,-0.000000,0.000000,
			0.000000,0.000000,0.000000,1.000000;;,
			22;16;
			0.010000,0.000000,0.000000,0.000000,
			0.000000,-0.000000,0.010000,0.000000,
			0.000000,-0.010000,-0.000000,0.000000,
			0.000000,0.000000,0.000000,1.000000;;,
			23;16;
			0.010000,0.000000,0.000000,0.000000,
			0.000000,-0.000000,0.010000,0.000000,
			0.000000,-0.010000,-0.000000,0.000000,
			0.000000,0.000000,0.000000,1.000000;;,
			24;16;
			0.010000,0.000000,0.000000,0.000000,
			0.000000,-0.000000,0.010000,0.000000,
			0.000000,-0.010000,-0.000000,0.000000,
			0.000000,0.000000,0.000000,1.000000;;,
			25;16;
			0.010000,0.000000,0.000000,0.000000,
			0.000000,-0.000000,0.010000,0.000000,
			0.000000,-0.010000,-0.000000,0.000000,
			0.000000,0.000000,0.000000,1.000000;;,
			26;16;
			0.010000,0.000000,0.000000,0.000000,
			0.000000,-0.000000,0.010000,0.000000,
			0.000000,-0.010000,-0.000000,0.000000,
			0.000000,0.000000,0.000000,1.000000;;,
			27;16;
			0.010000,0.000000,0.000000,0.000000,
			0.000000,-0.000000,0.010000,0.000000,
			0.000000,-0.010000,-0.000000,0.000000,
			0.000000,0.000000,0.000000,1.000000;;,
			28;16;
			0.010000,0.000000,0.000000,0.000000,
			0.000000,-0.000000,0.010000,0.000000,
			0.000000,-0.010000,-0.000000,0.000000,
			0.000000,0.000000,0.000000,1.000000;;,
			29;16;
			0.010000,0.000000,0.000000,0.000000,
			0.000000,-0.000000,0.010000,0.000000,
			0.000000,-0.010000,-0.000000,0.000000,
			0.000000,0.000000,0.000000,1.000000;;,
			30;16;
			0.010000,0.000000,0.000000,0.000000,
			0.000000,-0.000000,0.010000,0.000000,
			0.000000,-0.010000,-0.000000,0.000000,
			0.000000,0.000000,0.000000,1.000000;;,
			31;16;
			0.010000,0.000000,0.000000,0.000000,
			0.000000,-0.000000,0.010000,0.000000,
			0.000000,-0.010000,-0.000000,0.000000,
			0.000000,0.000000,0.000000,1.000000;;,
			32;16;
			0.010000,0.000000,0.000000,0.000000,
			0.000000,-0.000000,0.010000,0.000000,
			0.000000,-0.010000,-0.000000,0.000000,
			0.000000,0.000000,0.000000,1.000000;;,
			33;16;
			0.010000,0.000000,0.000000,0.000000,
			0.000000,-0.000000,0.010000,0.000000,
			0.000000,-0.010000,-0.000000,0.000000,
			0.000000,0.000000,0.000000,1.000000;;,
			34;16;
			0.010000,0.000000,0.000000,0.000000,
			0.000000,-0.000000,0.010000,0.000000,
			0.000000,-0.010000,-0.000000,0.000000,
			0.000000,0.000000,0.000000,1.000000;;,
			35;16;
			0.010000,0.000000,0.000000,0.000000,
			0.000000,-0.000000,0.010000,0.000000,
			0.000000,-0.010000,-0.000000,0.000000,
			0.000000,0.000000,0.000000,1.000000;;,
			36;16;
			0.010000,0.000000,0.000000,0.000000,
			0.000000,-0.000000,0.010000,0.000000,
			0.000000,-0.010000,-0.000000,0.000000,
			0.000000,0.000000,0.000000,1.000000;;,
			37;16;
			0.010000,0.000000,0.000000,0.000000,
			0.000000,-0.000000,0.010000,0.000000,
			0.000000,-0.010000,-0.000000,0.000000,
			0.000000,0.000000,0.000000,1.000000;;,
			38;16;
			0.010000,0.000000,0.000000,0.000000,
			0.000000,-0.000000,0.010000,0.000000,
			0.000000,-0.010000,-0.000000,0.000000,
			0.000000,0.000000,0.000000,1.000000;;,
			39;16;
			0.010000,0.000000,0.000000,0.000000,
			0.000000,-0.000000,0.010000,0.000000,
			0.000000,-0.010000,-0.000000,0.000000,
			0.000000,0.000000,0.000000,1.000000;;,
			40;16;
			0.010000,0.000000,0.000000,0.000000,
			0.000000,-0.000000,0.010000,0.000000,
			0.000000,-0.010000,-0.000000,0.000000,
			0.000000,0.000000,0.000000,1.000000;;;
		}
	}
	Animation {
		{pelvis}
		AnimationKey {
			4;
			41;
			0;16;
			0.106124,-0.016110,-0.994222,0.000000,
			0.740087,0.669049,0.068156,0.000000,
			0.664085,-0.743044,0.082925,0.000000,
			-3.737759,-7.520345,-61.588299,1.000000;;,
			1;16;
			0.106124,-0.016015,-0.994224,0.000000,
			0.740087,0.669042,0.068220,0.000000,
			0.664085,-0.743052,0.082854,0.000000,
			-3.737759,-7.454060,-61.715992,1.000000;;,
			2;16;
			0.106124,-0.015824,-0.994227,0.000000,
			0.740087,0.669029,0.068348,0.000000,
			0.664085,-0.743068,0.082711,0.000000,
			-3.737759,-7.270801,-62.069027,1.000000;;,
			3;16;
			0.106124,-0.015443,-0.994233,0.000000,
			0.740087,0.669003,0.068605,0.000000,
			0.664085,-0.743099,0.082426,0.000000,
			-3.737759,-6.993963,-62.602333,1.000000;;,
			4;16;
			0.106124,-0.014966,-0.994240,0.000000,
			0.740087,0.668970,0.068926,0.000000,
			0.664085,-0.743139,0.082070,0.000000,
			-3.737759,-6.646941,-63.270844,1.000000;;,
			5;16;
			0.106124,-0.014299,-0.994250,0.000000,
			0.740087,0.668923,0.069375,0.000000,
			0.664085,-0.743194,0.081571,0.000000,
			-3.737759,-6.253129,-64.029495,1.000000;;,
			6;16;
			0.106124,-0.013632,-0.994259,0.000000,
			0.740087,0.668877,0.069823,0.000000,
			0.664085,-0.743248,0.081073,0.000000,
			-3.737759,-5.835923,-64.833206,1.000000;;,
			7;16;
			0.106124,-0.012869,-0.994270,0.000000,
			0.740087,0.668823,0.070337,0.000000,
			0.664085,-0.743310,0.080502,0.000000,
			-3.737759,-5.418716,-65.636925,1.000000;;,
			8;16;
			0.106124,-0.012012,-0.994280,0.000000,
			0.740087,0.668762,0.070914,0.000000,
			0.664085,-0.743379,0.079861,0.000000,
			-3.737759,-5.024905,-66.395569,1.000000;;,
			9;16;
			0.106124,-0.011154,-0.994290,0.000000,
			0.740087,0.668701,0.071491,0.000000,
			0.664085,-0.743448,0.079220,0.000000,
			-3.737759,-4.677883,-67.064079,1.000000;;,
			10;16;
			0.106124,-0.010200,-0.994301,0.000000,
			0.740087,0.668632,0.072132,0.000000,
			0.664085,-0.743524,0.078507,0.000000,
			-3.737759,-4.401045,-67.597389,1.000000;;,
			11;16;
			0.106124,-0.009247,-0.994310,0.000000,
			0.740087,0.668562,0.072773,0.000000,
			0.664085,-0.743599,0.077794,0.000000,
			-3.737759,-4.217786,-67.950424,1.000000;;,
			12;16;
			0.106124,-0.008294,-0.994318,0.000000,
			0.740087,0.668492,0.073414,0.000000,
			0.664085,-0.743673,0.077081,0.000000,
			-3.737759,-4.151501,-68.078110,1.000000;;,
			13;16;
			0.106124,-0.007055,-0.994328,0.000000,
			0.740087,0.668400,0.074247,0.000000,
			0.664085,-0.743768,0.076154,0.000000,
			-3.737759,-4.331278,-67.764809,1.000000;;,
			14;16;
			0.106124,-0.005434,-0.994338,0.000000,
			0.740087,0.668278,0.075336,0.000000,
			0.664085,-0.743891,0.074942,0.000000,
			-3.737759,-4.805236,-66.938835,1.000000;;,
			15;16;
			0.106124,-0.003623,-0.994346,0.000000,
			0.740087,0.668140,0.076553,0.000000,
			0.664085,-0.744027,0.073587,0.000000,
			-3.737759,-5.475314,-65.771080,1.000000;;,
			16;16;
			0.106124,-0.001716,-0.994351,0.000000,
			0.740087,0.667992,0.077834,0.000000,
			0.664085,-0.744166,0.072160,0.000000,
			-3.737759,-6.243453,-64.432426,1.000000;;,
			17;16;
			0.106124,0.000095,-0.994353,0.000000,
			0.740087,0.667849,0.079051,0.000000,
			0.664085,-0.744297,0.070804,0.000000,
			-3.737759,-7.011590,-63.093777,1.000000;;,
			18;16;
			0.106124,0.001525,-0.994352,0.000000,
			0.740087,0.667735,0.080011,0.000000,
			0.664085,-0.744398,0.069734,0.000000,
			-3.737759,-7.681669,-61.926014,1.000000;;,
			19;16;
			0.106124,0.002574,-0.994350,0.000000,
			0.740087,0.667650,0.080715,0.000000,
			0.664085,-0.744471,0.068949,0.000000,
			-3.737759,-8.155627,-61.100040,1.000000;;,
			20;16;
			0.106124,0.002955,-0.994349,0.000000,
			0.740087,0.667619,0.080971,0.000000,
			0.664085,-0.744497,0.068663,0.000000,
			-3.737759,-8.335404,-60.786736,1.000000;;,
			21;16;
			0.106124,0.002383,-0.994350,0.000000,
			0.740087,0.667665,0.080587,0.000000,
			0.664085,-0.744458,0.069091,0.000000,
			-3.737759,-8.266073,-60.930202,1.000000;;,
			22;16;
			0.106124,0.000953,-0.994352,0.000000,
			0.740087,0.667781,0.079627,0.000000,
			0.664085,-0.744358,0.070162,0.000000,
			-3.737759,-8.074393,-61.326839,1.000000;;,
			23;16;
			0.106124,-0.001335,-0.994352,0.000000,
			0.740087,0.667962,0.078090,0.000000,
			0.664085,-0.744194,0.071874,0.000000,
			-3.737759,-7.784834,-61.926014,1.000000;;,
			24;16;
			0.106124,-0.004099,-0.994344,0.000000,
			0.740087,0.668177,0.076233,0.000000,
			0.664085,-0.743991,0.073943,0.000000,
			-3.737759,-7.421865,-62.677094,1.000000;;,
			25;16;
			0.106124,-0.007245,-0.994327,0.000000,
			0.740087,0.668414,0.074119,0.000000,
			0.664085,-0.743754,0.076297,0.000000,
			-3.737759,-7.009956,-63.529442,1.000000;;,
			26;16;
			0.106124,-0.010582,-0.994297,0.000000,
			0.740087,0.668659,0.071875,0.000000,
			0.664085,-0.743494,0.078792,0.000000,
			-3.737759,-6.573577,-64.432426,1.000000;;,
			27;16;
			0.106124,-0.014013,-0.994254,0.000000,
			0.740087,0.668903,0.069567,0.000000,
			0.664085,-0.743217,0.081358,0.000000,
			-3.737759,-6.137199,-65.335403,1.000000;;,
			28;16;
			0.106124,-0.017159,-0.994205,0.000000,
			0.740087,0.669120,0.067450,0.000000,
			0.664085,-0.742956,0.083709,0.000000,
			-3.737759,-5.725291,-66.187759,1.000000;;,
			29;16;
			0.106124,-0.019923,-0.994153,0.000000,
			0.740087,0.669305,0.065590,0.000000,
			0.664085,-0.742720,0.085774,0.000000,
			-3.737759,-5.362322,-66.938835,1.000000;;,
			30;16;
			0.106124,-0.022115,-0.994107,0.000000,
			0.740087,0.669448,0.064114,0.000000,
			0.664085,-0.742530,0.087411,0.000000,
			-3.737759,-5.072762,-67.538010,1.000000;;,
			31;16;
			0.106124,-0.023640,-0.994072,0.000000,
			0.740087,0.669546,0.063087,0.000000,
			0.664085,-0.742395,0.088550,0.000000,
			-3.737759,-4.881082,-67.934647,1.000000;;,
			32;16;
			0.106124,-0.024116,-0.994060,0.000000,
			0.740087,0.669576,0.062766,0.000000,
			0.664085,-0.742352,0.088906,0.000000,
			-3.737759,-4.811750,-68.078110,1.000000;;,
			33;16;
			0.106124,-0.023831,-0.994067,0.000000,
			0.740087,0.669558,0.062958,0.000000,
			0.664085,-0.742378,0.088693,0.000000,
			-3.737759,-4.928135,-67.799255,1.000000;;,
			34;16;
			0.106124,-0.022878,-0.994090,0.000000,
			0.740087,0.669497,0.063600,0.000000,
			0.664085,-0.742462,0.087981,0.000000,
			-3.737759,-5.234967,-67.064079,1.000000;;,
			35;16;
			0.106124,-0.021639,-0.994117,0.000000,
			0.740087,0.669417,0.064435,0.000000,
			0.664085,-0.742571,0.087056,0.000000,
			-3.737759,-5.668765,-66.024696,1.000000;;,
			36;16;
			0.106124,-0.020114,-0.994150,0.000000,
			0.740087,0.669318,0.065461,0.000000,
			0.664085,-0.742704,0.085916,0.000000,
			-3.737759,-6.166048,-64.833206,1.000000;;,
			37;16;
			0.106124,-0.018684,-0.994177,0.000000,
			0.740087,0.669223,0.066424,0.000000,
			0.664085,-0.742827,0.084848,0.000000,
			-3.737759,-6.663328,-63.641720,1.000000;;,
			38;16;
			0.106124,-0.017349,-0.994202,0.000000,
			0.740087,0.669133,0.067322,0.000000,
			0.664085,-0.742940,0.083851,0.000000,
			-3.737759,-7.097126,-62.602337,1.000000;;,
			39;16;
			0.106124,-0.016491,-0.994216,0.000000,
			0.740087,0.669075,0.067900,0.000000,
			0.664085,-0.743012,0.083210,0.000000,
			-3.737759,-7.403959,-61.867161,1.000000;;,
			40;16;
			0.106124,-0.016110,-0.994222,0.000000,
			0.740087,0.669049,0.068156,0.000000,
			0.664085,-0.743044,0.082925,0.000000,
			-3.737759,-7.520345,-61.588299,1.000000;;;
		}
	}
	Animation {
		{spine_01}
		AnimationKey {
			4;
			41;
			0;16;
			0.971860,-0.222549,0.077197,0.000000,
			0.232176,0.960338,-0.154419,0.000000,
			-0.039770,0.167997,0.984985,0.000000,
			11.897056,-2.768344,-0.000000,1.000000;;,
			1;16;
			0.971982,-0.222184,0.076719,0.000000,
			0.231702,0.960588,-0.153575,0.000000,
			-0.039574,0.167048,0.985154,0.000000,
			11.897056,-2.768344,-0.000000,1.000000;;,
			2;16;
			0.972265,-0.221366,0.075477,0.000000,
			0.230581,0.961274,-0.150944,0.000000,
			-0.039140,0.164161,0.985657,0.000000,
			11.897056,-2.768344,-0.000000,1.000000;;,
			3;16;
			0.972680,-0.220186,0.073565,0.000000,
			0.228945,0.962291,-0.146900,0.000000,
			-0.038445,0.159729,0.986412,0.000000,
			11.897056,-2.768344,-0.000000,1.000000;;,
			4;16;
			0.973234,-0.218547,0.071078,0.000000,
			0.226721,0.963635,-0.141438,0.000000,
			-0.037583,0.153768,0.987392,0.000000,
			11.897056,-2.768344,-0.000000,1.000000;;,
			5;16;
			0.973847,-0.216723,0.068209,0.000000,
			0.224235,0.965162,-0.134836,0.000000,
			-0.036611,0.146604,0.988517,0.000000,
			11.897056,-2.768344,-0.000000,1.000000;;,
			6;16;
			0.974508,-0.214714,0.065052,0.000000,
			0.221512,0.966828,-0.127182,0.000000,
			-0.035586,0.138350,0.989744,0.000000,
			11.897056,-2.768344,-0.000000,1.000000;;,
			7;16;
			0.975172,-0.212705,0.061608,0.000000,
			0.218755,0.968538,-0.118663,0.000000,
			-0.034429,0.129194,0.991021,0.000000,
			11.897056,-2.768344,-0.000000,1.000000;;,
			8;16;
			0.975821,-0.210691,0.058163,0.000000,
			0.216010,0.970236,-0.109465,0.000000,
			-0.033368,0.119382,0.992288,0.000000,
			11.897056,-2.768344,-0.000000,1.000000;;,
			9;16;
			0.976413,-0.208861,0.054716,0.000000,
			0.213471,0.971851,-0.099680,0.000000,
			-0.032357,0.109009,0.993514,0.000000,
			11.897056,-2.768344,-0.000000,1.000000;;,
			10;16;
			0.976907,-0.207400,0.051365,0.000000,
			0.211344,0.973297,-0.089594,0.000000,
			-0.031412,0.098381,0.994653,0.000000,
			11.897056,-2.768344,-0.000000,1.000000;;,
			11;16;
			0.977314,-0.206213,0.048301,0.000000,
			0.209555,0.974576,-0.079303,0.000000,
			-0.030720,0.087625,0.995680,0.000000,
			11.897056,-2.768344,-0.000000,1.000000;;,
			12;16;
			0.977560,-0.205678,0.045524,0.000000,
			0.208477,0.975590,-0.068998,0.000000,
			-0.030221,0.076941,0.996578,0.000000,
			11.897056,-2.768344,-0.000000,1.000000;;,
			13;16;
			0.977664,-0.205700,0.043130,0.000000,
			0.208021,0.976351,-0.058873,0.000000,
			-0.030000,0.066530,0.997333,0.000000,
			11.897056,-2.768344,-0.000000,1.000000;;,
			14;16;
			0.977300,-0.207483,0.042842,0.000000,
			0.209471,0.976600,-0.048736,0.000000,
			-0.031728,0.056604,0.997892,0.000000,
			11.897056,-2.768344,-0.000000,1.000000;;,
			15;16;
			0.976352,-0.211296,0.045716,0.000000,
			0.213082,0.976276,-0.038491,0.000000,
			-0.036498,0.047322,0.998213,0.000000,
			11.897056,-2.768344,-0.000000,1.000000;;,
			16;16;
			0.974932,-0.216671,0.050600,0.000000,
			0.218275,0.975467,-0.028626,0.000000,
			-0.043156,0.038953,0.998309,0.000000,
			11.897056,-2.768344,-0.000000,1.000000;;,
			17;16;
			0.973221,-0.222762,0.056727,0.000000,
			0.224155,0.974360,-0.019430,0.000000,
			-0.050944,0.031625,0.998201,0.000000,
			11.897056,-2.768344,-0.000000,1.000000;;,
			18;16;
			0.971429,-0.228830,0.062947,0.000000,
			0.229969,0.973131,-0.011386,0.000000,
			-0.058651,0.025536,0.997952,0.000000,
			11.897056,-2.768344,-0.000000,1.000000;;,
			19;16;
			0.969764,-0.234236,0.068496,0.000000,
			0.235116,0.971955,-0.004973,0.000000,
			-0.065410,0.020928,0.997639,0.000000,
			11.897056,-2.768344,-0.000000,1.000000;;,
			20;16;
			0.968567,-0.237980,0.072417,0.000000,
			0.238660,0.971103,-0.000765,0.000000,
			-0.070142,0.018024,0.997374,0.000000,
			11.897056,-2.768344,-0.000000,1.000000;;,
			21;16;
			0.968091,-0.239438,0.073947,0.000000,
			0.240040,0.970763,0.000765,0.000000,
			-0.071968,0.017010,0.997262,0.000000,
			11.897056,-2.768344,-0.000000,1.000000;;,
			22;16;
			0.968309,-0.238704,0.073469,0.000000,
			0.239399,0.970921,-0.000669,0.000000,
			-0.071173,0.018236,0.997297,0.000000,
			11.897056,-2.768344,-0.000000,1.000000;;,
			23;16;
			0.968912,-0.236686,0.072035,0.000000,
			0.237629,0.971345,-0.004685,0.000000,
			-0.068862,0.021657,0.997391,0.000000,
			11.897056,-2.768344,-0.000000,1.000000;;,
			24;16;
			0.969773,-0.233746,0.070026,0.000000,
			0.235064,0.971917,-0.011094,0.000000,
			-0.065466,0.027219,0.997483,0.000000,
			11.897056,-2.768344,-0.000000,1.000000;;,
			25;16;
			0.970835,-0.230066,0.067444,0.000000,
			0.231819,0.972567,-0.019321,0.000000,
			-0.061149,0.034393,0.997536,0.000000,
			11.897056,-2.768344,-0.000000,1.000000;;,
			26;16;
			0.972025,-0.225825,0.064574,0.000000,
			0.228040,0.973215,-0.029176,0.000000,
			-0.056256,0.043085,0.997486,0.000000,
			11.897056,-2.768344,-0.000000,1.000000;;,
			27;16;
			0.973216,-0.221485,0.061608,0.000000,
			0.224144,0.973727,-0.040179,0.000000,
			-0.051090,0.052912,0.997291,0.000000,
			11.897056,-2.768344,-0.000000,1.000000;;,
			28;16;
			0.974373,-0.217135,0.058737,0.000000,
			0.220207,0.974059,-0.052137,0.000000,
			-0.045892,0.063735,0.996911,0.000000,
			11.897056,-2.768344,-0.000000,1.000000;;,
			29;16;
			0.975441,-0.212960,0.056248,0.000000,
			0.216405,0.974166,-0.064567,0.000000,
			-0.041045,0.075154,0.996327,0.000000,
			11.897056,-2.768344,-0.000000,1.000000;;,
			30;16;
			0.976334,-0.209333,0.054333,0.000000,
			0.213125,0.973964,-0.077274,0.000000,
			-0.036743,0.087025,0.995528,0.000000,
			11.897056,-2.768344,-0.000000,1.000000;;,
			31;16;
			0.977022,-0.206347,0.053376,0.000000,
			0.210500,0.973463,-0.089776,0.000000,
			-0.033435,0.098948,0.994531,0.000000,
			11.897056,-2.768344,-0.000000,1.000000;;,
			32;16;
			0.977469,-0.204191,0.053472,0.000000,
			0.208757,0.972647,-0.101878,0.000000,
			-0.031207,0.110745,0.993359,0.000000,
			11.897056,-2.768344,-0.000000,1.000000;;,
			33;16;
			0.977642,-0.202956,0.055004,0.000000,
			0.208059,0.971544,-0.113194,0.000000,
			-0.030465,0.122107,0.992049,0.000000,
			11.897056,-2.768344,-0.000000,1.000000;;,
			34;16;
			0.977327,-0.203673,0.057875,0.000000,
			0.209455,0.969995,-0.123440,0.000000,
			-0.030997,0.132764,0.990663,0.000000,
			11.897056,-2.768344,-0.000000,1.000000;;,
			35;16;
			0.976532,-0.206342,0.061703,0.000000,
			0.212918,0.968054,-0.132427,0.000000,
			-0.032407,0.142457,0.989270,0.000000,
			11.897056,-2.768344,-0.000000,1.000000;;,
			36;16;
			0.975431,-0.210216,0.065913,0.000000,
			0.217633,0.965928,-0.140068,0.000000,
			-0.034223,0.150972,0.987946,0.000000,
			11.897056,-2.768344,-0.000000,1.000000;;,
			37;16;
			0.974220,-0.214455,0.070026,0.000000,
			0.222684,0.963869,-0.146181,0.000000,
			-0.036147,0.158006,0.986776,0.000000,
			11.897056,-2.768344,-0.000000,1.000000;;,
			38;16;
			0.973073,-0.218412,0.073660,0.000000,
			0.227352,0.962084,-0.150681,0.000000,
			-0.037957,0.163370,0.985834,0.000000,
			11.897056,-2.768344,-0.000000,1.000000;;,
			39;16;
			0.972216,-0.221355,0.076146,0.000000,
			0.230782,0.960823,-0.153487,0.000000,
			-0.039187,0.166796,0.985213,0.000000,
			11.897056,-2.768344,-0.000000,1.000000;;,
			40;16;
			0.971860,-0.222549,0.077197,0.000000,
			0.232176,0.960338,-0.154419,0.000000,
			-0.039770,0.167997,0.984985,0.000000,
			11.897056,-2.768344,-0.000000,1.000000;;;
		}
	}
	Animation {
		{spine_02}
		AnimationKey {
			4;
			41;
			0;16;
			0.988622,0.143550,-0.044950,0.000000,
