xof 0303txt 0032
Frame root {
	FrameTransformMatrix {
		0.010000,0.000000,0.000000,0.000000,
		0.000000,-0.000000,0.010000,0.000000,
		0.000000,-0.010000,-0.000000,0.000000,
		0.000000,0.000000,0.000000,1.000000;;
	}
	Frame pelvis {
		FrameTransformMatrix {
			0.018692,-0.007410,-0.999798,0.000000,
			0.103760,0.994587,-0.005431,0.000000,
			0.994427,-0.103638,0.019360,0.000000,
			0.000000,-3.327252,-72.296402,1.000000;;
		}
		Frame spine_01 {
			FrameTransformMatrix {
				0.993859,-0.110335,0.008422,0.000000,
				0.110319,0.993893,0.002443,0.000000,
				-0.008640,-0.001499,0.999962,0.000000,
				11.897056,-2.768344,-0.000000,1.000000;;
			}
			Frame spine_02 {
				FrameTransformMatrix {
					0.965958,0.258694,0.001665,0.000000,
					-0.258694,0.965959,0.000058,0.000000,
					-0.001593,-0.000487,0.999999,0.000000,
					14.500739,1.261342,-0.000000,1.000000;;
				}
				Frame spine_03 {
					FrameTransformMatrix {
						0.996790,0.080065,-0.000000,0.000000,
						-0.080065,0.996790,-0.000000,0.000000,
						0.000000,0.000000,1.000000,0.000000,
						12.496109,0.321524,-0.000000,1.000000;;
					}
					Frame neck_01 {
						FrameTransformMatrix {
							0.927696,-0.373338,-0.000000,0.000000,
							0.373338,0.927696,-0.000000,0.000000,
							0.000000,0.000000,1.000000,0.000000,
							21.878693,0.005165,-0.000000,1.000000;;
						}
						Frame head {
							FrameTransformMatrix {
								0.981679,0.190542,0.000000,0.000000,
								-0.190542,0.981679,0.000000,0.000000,
								0.000000,0.000000,1.000000,0.000000,
								25.710386,0.140607,-0.000000,1.000000;;
							}
							Frame Hair01_l {
								FrameTransformMatrix {
									-0.855511,-0.494134,0.154701,0.000000,
									-0.486248,0.869386,0.087928,0.000000,
									-0.177943,0.000000,-0.984041,0.000000,
									-2.802900,-2.445666,17.216135,1.000000;;
								}
								Frame Hair02_l {
									FrameTransformMatrix {
										0.919692,-0.391611,-0.028431,0.000000,
										0.390248,0.919668,-0.043785,0.000000,
										0.043294,0.029174,0.998636,0.000000,
										17.107462,0.000000,0.000000,1.000000;;
									}
									Frame Hair03_l {
										FrameTransformMatrix {
											-0.000485,0.184884,-0.982760,0.000000,
											-0.793430,0.598098,0.112910,0.000000,
											0.608662,0.779806,0.146402,0.000000,
											17.868711,0.000000,-0.000000,1.000000;;
										}
									}
								}
							}
							Frame Hair01_r {
								FrameTransformMatrix {
									0.843838,0.494134,0.209210,0.000000,
									0.479613,-0.869386,0.118909,0.000000,
									0.240641,0.000000,-0.970614,0.000000,
									-2.802879,-2.445665,-17.216101,1.000000;;
								}
								Frame Hair02_r {
									FrameTransformMatrix {
										0.919996,-0.391611,0.015762,0.000000,
										0.391900,0.919668,-0.024996,0.000000,
										-0.004707,0.029174,0.999563,0.000000,
										-17.107590,-0.000088,0.000030,1.000000;;
									}
									Frame Hair03_r {
										FrameTransformMatrix {
											-0.000485,0.184884,-0.982760,0.000000,
											-0.793430,0.598098,0.112910,0.000000,
											0.608662,0.779806,0.146402,0.000000,
											-17.868824,-0.000087,-0.000017,1.000000;;
										}
									}
								}
							}
						}
					}
					Frame clavicle_l {
						FrameTransformMatrix {
							-0.132891,0.446703,0.884758,0.000000,
							0.261614,0.876826,-0.403403,0.000000,
							-0.955980,0.177857,-0.233386,0.000000,
							8.485651,-3.456696,9.015220,1.000000;;
						}
						Frame upperarm_l {
							FrameTransformMatrix {
								0.636729,-0.573948,0.514936,0.000000,
								0.623592,0.776085,0.093941,0.000000,
								-0.453552,0.261295,0.852066,0.000000,
								12.778380,-0.000000,-0.000000,1.000000;;
							}
							Frame lowerarm_l {
								FrameTransformMatrix {
									0.743429,-0.668815,0.000031,0.000000,
									0.668815,0.743429,-0.000001,0.000000,
									-0.000022,0.000021,1.000000,0.000000,
									35.128559,1.515315,-0.004476,1.000000;;
								}
								Frame hand_l {
									FrameTransformMatrix {
										0.959749,-0.227861,0.164197,0.000000,
										-0.248231,-0.414700,0.875446,0.000000,
										-0.131388,-0.880967,-0.454570,0.000000,
										23.148167,-0.587805,0.000000,1.000000;;
									}
									Frame thumb_01_l {
										FrameTransformMatrix {
											0.521746,0.423131,0.740771,0.000000,
											0.767776,0.145627,-0.623950,0.000000,
											-0.371889,0.894289,-0.248889,0.000000,
											7.761036,2.573662,8.277136,1.000000;;
										}
										Frame thumb_02_l {
											FrameTransformMatrix {
												0.768781,0.619742,0.157782,0.000000,
												-0.622505,0.781723,-0.037371,0.000000,
												-0.146503,-0.069490,0.986767,0.000000,
												9.421203,-0.593851,-0.083314,1.000000;;
											}
											Frame thumb_03_l {
												FrameTransformMatrix {
													0.996908,0.056475,0.054638,0.000000,
													-0.056363,0.998404,-0.003600,0.000000,
													-0.054754,0.000509,0.998500,0.000000,
													8.910820,-0.377085,-0.058631,1.000000;;
												}
											}
										}
									}
									Frame index_01_l {
										FrameTransformMatrix {
											0.828646,0.559407,0.020244,0.000000,
											-0.549730,0.820067,-0.159017,0.000000,
											-0.105557,0.120640,0.987068,0.000000,
											16.470049,-1.438421,6.613763,1.000000;;
										}
										Frame index_02_l {
											FrameTransformMatrix {
												0.751094,0.660151,0.007690,0.000000,
												-0.660150,0.751128,-0.002970,0.000000,
												-0.007737,-0.002846,0.999966,0.000000,
												9.508547,-0.644083,0.623717,1.000000;;
											}
											Frame index_03_l {
												FrameTransformMatrix {
													0.999086,0.000000,0.042746,0.000000,
													0.001634,0.999269,-0.038183,0.000000,
													-0.042715,0.038218,0.998356,0.000000,
													6.657951,-1.016678,0.346394,1.000000;;
												}
											}
										}
									}
									Frame ring_01_l {
										FrameTransformMatrix {
											0.809125,0.587588,-0.007590,0.000000,
											-0.587562,0.809160,0.005596,0.000000,
											0.009430,-0.000069,0.999956,0.000000,
											17.496222,-2.933048,-3.587839,1.000000;;
										}
										Frame ring_02_l {
											FrameTransformMatrix {
												0.786987,0.616370,-0.027199,0.000000,
												-0.616964,0.786403,-0.030417,0.000000,
												0.002641,0.040719,0.999167,0.000000,
												8.391934,-0.606711,-0.010261,1.000000;;
											}
											Frame ring_03_l {
												FrameTransformMatrix {
													0.999811,0.000000,0.019435,0.000000,
													0.000000,1.000000,0.000000,0.000000,
													-0.019435,0.000000,0.999811,0.000000,
													7.046853,-1.159921,0.318573,1.000000;;
												}
											}
										}
									}
								}
							}
						}
						Frame Shoulder_l {
							FrameTransformMatrix {
								0.819207,-0.373515,-0.435185,0.000000,
								0.414860,0.909885,0.000000,0.000000,
								0.395968,-0.180541,0.900341,0.000000,
								10.304173,0.218627,-8.783108,1.000000;;
							}
							Frame FrontGarment01_l {
								FrameTransformMatrix {
									-0.237043,-0.146227,0.960431,0.000000,
									0.213584,0.956576,0.198355,0.000000,
									-0.947730,0.252152,-0.195518,0.000000,
									6.505432,-12.660301,4.465258,1.000000;;
								}
								Frame FrontGarment02_l {
									FrameTransformMatrix {
										0.947690,0.291453,-0.130152,0.000000,
										-0.297144,0.954472,-0.026250,0.000000,
										0.116576,0.063551,0.991147,0.000000,
										41.093178,0.000000,0.000000,1.000000;;
									}
									Frame FrontGarment03_l {
										FrameTransformMatrix {
											0.999928,-0.009892,-0.006751,0.000000,
											0.009883,0.999950,-0.001354,0.000000,
											0.006764,0.001288,0.999976,0.000000,
											41.610046,-0.000000,0.000000,1.000000;;
										}
									}
								}
							}
							Frame RearGarment01_l {
								FrameTransformMatrix {
									-0.004148,0.262809,0.964839,0.000000,
									-0.050063,0.963583,-0.262682,0.000000,
									-0.998738,-0.049392,0.009160,0.000000,
									-1.554315,15.130317,1.799134,1.000000;;
								}
								Frame RearGarment02_l {
									FrameTransformMatrix {
										0.998331,0.052627,-0.023780,0.000000,
										-0.052485,0.998600,0.006555,0.000000,
										0.024091,-0.005296,0.999696,0.000000,
										36.183285,-0.000000,0.000000,1.000000;;
									}
									Frame RearGarment03_l {
										FrameTransformMatrix {
											0.995878,-0.046665,0.077776,0.000000,
											0.047857,0.998763,-0.013528,0.000000,
											-0.077048,0.017195,0.996879,0.000000,
											40.224743,0.000000,-0.000000,1.000000;;
										}
										Frame RearGarment04_l {
											FrameTransformMatrix {
												0.999847,0.015555,0.007965,0.000000,
												-0.015543,0.999878,-0.001513,0.000000,
												-0.007988,0.001389,0.999967,0.000000,
												42.256981,0.000000,0.000000,1.000000;;
											}
										}
									}
								}
							}
							Frame ShoulderPad_l {
								FrameTransformMatrix {
									0.977044,0.000000,0.213040,0.000000,
									0.000000,1.000000,0.000000,0.000000,
									-0.213040,0.000000,0.977044,0.000000,
									20.547165,0.656359,-0.793545,1.000000;;
								}
							}
						}
					}
					Frame clavicle_r {
						FrameTransformMatrix {
							0.132891,-0.446703,0.884758,0.000000,
							-0.261615,-0.876826,-0.403403,0.000000,
							0.955980,-0.177857,-0.233386,0.000000,
							8.485809,-3.456726,-9.015220,1.000000;;
						}
						Frame upperarm_r {
							FrameTransformMatrix {
								0.765572,-0.595781,-0.242785,0.000000,
								0.589027,0.497330,0.636954,0.000000,
								-0.258741,-0.630641,0.731673,0.000000,
								-12.778482,0.000044,-0.000437,1.000000;;
							}
							Frame lowerarm_r {
								FrameTransformMatrix {
									0.732528,-0.680737,0.000036,0.000000,
									0.680737,0.732528,-0.000009,0.000000,
									-0.000020,0.000031,1.000000,0.000000,
									-35.128563,-1.515309,0.004754,1.000000;;
								}
								Frame hand_r {
									FrameTransformMatrix {
										0.951271,0.295515,-0.088056,0.000000,
										0.298077,-0.808157,0.507969,0.000000,
										0.078949,-0.509464,-0.856863,0.000000,
										-23.148169,0.587807,0.000246,1.000000;;
									}
									Frame thumb_01_r {
										FrameTransformMatrix {
											-0.132956,0.379465,0.915603,0.000000,
											0.974792,0.217071,0.051587,0.000000,
											-0.179176,0.899381,-0.398761,0.000000,
											-7.761057,-2.573982,-8.277136,1.000000;;
										}
										Frame thumb_02_r {
											FrameTransformMatrix {
												0.031839,0.947397,0.318475,0.000000,
												-0.998292,0.045760,-0.036323,0.000000,
												-0.048985,-0.316774,0.947235,0.000000,
												-9.421142,0.593876,0.083643,1.000000;;
											}
											Frame thumb_03_r {
												FrameTransformMatrix {
													0.996908,0.056475,0.054638,0.000000,
													-0.056363,0.998404,-0.003600,0.000000,
													-0.054754,0.000509,0.998500,0.000000,
													-8.910397,0.377178,0.058603,1.000000;;
												}
											}
										}
									}
									Frame index_01_r {
										FrameTransformMatrix {
											0.224827,0.974188,0.020244,0.000000,
											-0.961260,0.225148,-0.159017,0.000000,
											-0.159470,0.016291,0.987068,0.000000,
											-16.470009,1.438024,-6.613760,1.000000;;
										}
										Frame index_02_r {
											FrameTransformMatrix {
												-0.211962,0.977248,0.007690,0.000000,
												-0.977277,-0.211945,-0.002970,0.000000,
												-0.001273,-0.008144,0.999966,0.000000,
												-9.508614,0.643767,-0.623766,1.000000;;
											}
											Frame index_03_r {
												FrameTransformMatrix {
													0.999086,-0.000000,0.042746,0.000000,
													0.001634,0.999269,-0.038183,0.000000,
													-0.042715,0.038218,0.998356,0.000000,
													-6.657835,1.017637,-0.346229,1.000000;;
												}
											}
										}
									}
									Frame ring_01_r {
										FrameTransformMatrix {
											0.172474,0.984985,-0.007590,0.000000,
											-0.984990,0.172518,0.005596,0.000000,
											0.006822,0.006511,0.999956,0.000000,
											-17.496218,2.933113,3.587840,1.000000;;
										}
										Frame ring_02_r {
											FrameTransformMatrix {
												-0.082666,0.996206,-0.027199,0.000000,
												-0.996045,-0.083483,-0.030417,0.000000,
												-0.032572,0.024577,0.999167,0.000000,
												-8.392414,0.606222,0.010262,1.000000;;
											}
											Frame ring_03_r {
												FrameTransformMatrix {
													0.999811,0.000000,0.019435,0.000000,
													0.000000,1.000000,0.000000,0.000000,
													-0.019435,0.000000,0.999811,0.000000,
													-7.046180,1.160231,-0.318541,1.000000;;
												}
											}
										}
									}
								}
							}
						}
						Frame Shoulder_r {
							FrameTransformMatrix {
								0.819207,-0.373515,-0.435185,0.000000,
								0.414860,0.909885,0.000000,0.000000,
								0.395968,-0.180541,0.900341,0.000000,
								-10.304314,-0.218563,8.782545,1.000000;;
							}
							Frame FrontGarment01_r {
								FrameTransformMatrix {
									-0.280889,-0.143447,0.948960,0.000000,
									0.168812,0.965967,0.195986,0.000000,
									-0.944777,0.215246,-0.247114,0.000000,
									-6.505545,12.660254,-4.464426,1.000000;;
								}
								Frame FrontGarment02_r {
									FrameTransformMatrix {
										0.983833,-0.161432,-0.077535,0.000000,
										0.159778,0.986780,-0.027121,0.000000,
										0.080888,0.014294,0.996621,0.000000,
										-41.093552,-0.000013,0.000059,1.000000;;
									}
									Frame FrontGarment03_r {
										FrameTransformMatrix {
											0.999928,-0.009892,-0.006751,0.000000,
											0.009883,0.999950,-0.001354,0.000000,
											0.006764,0.001288,0.999976,0.000000,
											-41.610119,-0.000034,-0.000061,1.000000;;
										}
									}
								}
							}
							Frame RearGarment01_r {
								FrameTransformMatrix {
									-0.011886,0.262485,0.964863,0.000000,
									-0.021389,0.964644,-0.262688,0.000000,
									-0.999701,-0.023760,-0.005851,0.000000,
									1.554375,-15.130346,-1.799159,1.000000;;
								}
								Frame RearGarment02_r {
									FrameTransformMatrix {
										0.999597,0.027009,-0.008771,0.000000,
										-0.026953,0.999615,0.006508,0.000000,
										0.008943,-0.006269,0.999940,0.000000,
										-36.182835,-0.000128,0.000127,1.000000;;
									}
									Frame RearGarment03_r {
										FrameTransformMatrix {
											0.993075,-0.072223,0.092663,0.000000,
											0.073650,0.997211,-0.012069,0.000000,
											-0.091533,0.018810,0.995624,0.000000,
											-40.224739,0.000081,0.000045,1.000000;;
										}
										Frame RearGarment04_r {
											FrameTransformMatrix {
												0.999847,0.015555,0.007965,0.000000,
												-0.015543,0.999878,-0.001513,0.000000,
												-0.007988,0.001389,0.999967,0.000000,
												-42.257042,-0.000060,-0.000074,1.000000;;
											}
										}
									}
								}
							}
							Frame ShoulderPad_r {
								FrameTransformMatrix {
									0.977044,-0.000000,0.213040,0.000000,
									-0.000000,1.000000,0.000000,0.000000,
									-0.213040,-0.000000,0.977044,0.000000,
									-20.547213,-0.656356,0.793855,1.000000;;
								}
							}
						}
					}
				}
			}
		}
		Frame thigh_l {
			FrameTransformMatrix {
				0.684925,0.682900,-0.254019,0.000000,
				-0.679762,0.473403,-0.560191,0.000000,
				-0.262301,0.556361,0.788455,0.000000,
				-3.230826,0.808217,13.133170,1.000000;;
			}
			Frame calf_l {
				FrameTransformMatrix {
					0.565971,-0.816173,-0.116354,0.000000,
					0.822701,0.568257,0.015717,0.000000,
					0.053291,-0.104620,0.993083,0.000000,
					-27.418129,-0.542472,0.323017,1.000000;;
				}
				Frame foot_l {
					FrameTransformMatrix {
						0.931792,0.352738,0.085671,0.000000,
						-0.348214,0.801947,0.485416,0.000000,
						0.102521,-0.482138,0.870076,0.000000,
						-34.662071,3.020201,1.231595,1.000000;;
					}
					Frame ball_l {
						FrameTransformMatrix {
							0.000508,-0.999873,0.015913,0.000000,
							0.999973,0.000625,0.007351,0.000000,
							-0.007360,0.015909,0.999846,0.000000,
							-6.847696,-16.243237,0.775744,1.000000;;
						}
					}
				}
			}
		}
		Frame thigh_r {
			FrameTransformMatrix {
				-0.971758,-0.231301,-0.046766,0.000000,
				0.222326,-0.963803,0.147155,0.000000,
				-0.079110,0.132602,0.988007,0.000000,
				-3.230861,0.808215,-13.133200,1.000000;;
			}
			Frame calf_r {
				FrameTransformMatrix {
					0.933576,-0.356255,-0.038962,0.000000,
					0.357508,0.933362,0.031996,0.000000,
					0.024967,-0.043800,0.998728,0.000000,
					27.418112,0.542467,-0.322981,1.000000;;
				}
				Frame foot_r {
					FrameTransformMatrix {
						0.971014,0.209279,0.115474,0.000000,
						-0.233666,0.932836,0.274256,0.000000,
						-0.050323,-0.293289,0.954699,0.000000,
						34.662056,-3.020197,-1.231645,1.000000;;
					}
					Frame ball_r {
						FrameTransformMatrix {
							-0.699859,-0.714103,0.015913,0.000000,
							0.714256,-0.699845,0.007351,0.000000,
							0.005887,0.016510,0.999846,0.000000,
							6.847691,16.243235,-0.775746,1.000000;;
						}
					}
				}
			}
		}
		Frame Weapon {
			FrameTransformMatrix {
				0.910871,-0.400506,-0.099549,0.000000,
				0.107471,-0.002696,0.994205,0.000000,
				-0.398453,-0.916290,0.040588,0.000000,
				44.646587,-47.184544,-62.830093,1.000000;;
			}
		}
	}
}
Frame WizardBody {
	FrameTransformMatrix {
		0.010000,0.000000,0.000000,0.000000,
		0.000000,-0.000000,0.010000,0.000000,
		0.000000,-0.010000,-0.000000,0.000000,
		0.000000,0.000000,0.000000,1.000000;;
	}
}
AnimationSet Take_001 {
	Animation {
		{root}
		AnimationKey {
			4;
			41;
			0;16;
			0.010000,0.000000,0.000000,0.000000,
			0.000000,-0.000000,0.010000,0.000000,
			0.000000,-0.010000,-0.000000,0.000000,
			0.000000,0.000000,0.000000,1.000000;;,
			1;16;
			0.010000,0.000000,0.000000,0.000000,
			0.000000,-0.000000,0.010000,0.000000,
			0.000000,-0.010000,-0.000000,0.000000,
			0.000000,0.000000,0.000000,1.000000;;,
			2;16;
			0.010000,0.000000,0.000000,0.000000,
			0.000000,-0.000000,0.010000,0.000000,
			0.000000,-0.010000,-0.000000,0.000000,
			0.000000,0.000000,0.000000,1.000000;;,
			3;16;
			0.010000,0.000000,0.000000,0.000000,
			0.000000,-0.000000,0.010000,0.000000,
			0.000000,-0.010000,-0.000000,0.000000,
			0.000000,0.000000,0.000000,1.000000;;,
			4;16;
			0.010000,0.000000,0.000000,0.000000,
			0.000000,-0.000000,0.010000,0.000000,
			0.000000,-0.010000,-0.000000,0.000000,
			0.000000,0.000000,0.000000,1.000000;;,
			5;16;
			0.010000,0.000000,0.000000,0.000000,
			0.000000,-0.000000,0.010000,0.000000,
			0.000000,-0.010000,-0.000000,0.000000,
			0.000000,0.000000,0.000000,1.000000;;,
			6;16;
			0.010000,0.000000,0.000000,0.000000,
			0.000000,-0.000000,0.010000,0.000000,
			0.000000,-0.010000,-0.000000,0.000000,
			0.000000,0.000000,0.000000,1.000000;;,
			7;16;
			0.010000,0.000000,0.000000,0.000000,
			0.000000,-0.000000,0.010000,0.000000,
			0.000000,-0.010000,-0.000000,0.000000,
			0.000000,0.000000,0.000000,1.000000;;,
			8;16;
			0.010000,0.000000,0.000000,0.000000,
			0.000000,-0.000000,0.010000,0.000000,
			0.000000,-0.010000,-0.000000,0.000000,
			0.000000,0.000000,0.000000,1.000000;;,
			9;16;
			0.010000,0.000000,0.000000,0.000000,
			0.000000,-0.000000,0.010000,0.000000,
			0.000000,-0.010000,-0.000000,0.000000,
			0.000000,0.000000,0.000000,1.000000;;,
			10;16;
			0.010000,0.000000,0.000000,0.000000,
			0.000000,-0.000000,0.010000,0.000000,
			0.000000,-0.010000,-0.000000,0.000000,
			0.000000,0.000000,0.000000,1.000000;;,
			11;16;
			0.010000,0.000000,0.000000,0.000000,
			0.000000,-0.000000,0.010000,0.000000,
			0.000000,-0.010000,-0.000000,0.000000,
			0.000000,0.000000,0.000000,1.000000;;,
			12;16;
			0.010000,0.000000,0.000000,0.000000,
			0.000000,-0.000000,0.010000,0.000000,
			0.000000,-0.010000,-0.000000,0.000000,
			0.000000,0.000000,0.000000,1.000000;;,
			13;16;
			0.010000,0.000000,0.000000,0.000000,
			0.000000,-0.000000,0.010000,0.000000,
			0.000000,-0.010000,-0.000000,0.000000,
			0.000000,0.000000,0.000000,1.000000;;,
			14;16;
			0.010000,0.000000,0.000000,0.000000,
			0.000000,-0.000000,0.010000,0.000000,
			0.000000,-0.010000,-0.000000,0.000000,
			0.000000,0.000000,0.000000,1.000000;;,
			15;16;
			0.010000,0.000000,0.000000,0.000000,
			0.000000,-0.000000,0.010000,0.000000,
			0.000000,-0.010000,-0.000000,0.000000,
			0.000000,0.000000,0.000000,1.000000;;,
			16;16;
			0.010000,0.000000,0.000000,0.000000,
			0.000000,-0.000000,0.010000,0.000000,
			0.000000,-0.010000,-0.000000,0.000000,
			0.000000,0.000000,0.000000,1.000000;;,
			17;16;
			0.010000,0.000000,0.000000,0.000000,
			0.000000,-0.000000,0.010000,0.000000,
			0.000000,-0.010000,-0.000000,0.000000,
			0.000000,0.000000,0.000000,1.000000;;,
			18;16;
			0.010000,0.000000,0.000000,0.000000,
			0.000000,-0.000000,0.010000,0.000000,
			0.000000,-0.010000,-0.000000,0.000000,
			0.000000,0.000000,0.000000,1.000000;;,
			19;16;
			0.010000,0.000000,0.000000,0.000000,
			0.000000,-0.000000,0.010000,0.000000,
			0.000000,-0.010000,-0.000000,0.000000,
			0.000000,0.000000,0.000000,1.000000;;,
			20;16;
			0.010000,0.000000,0.000000,0.000000,
			0.000000,-0.000000,0.010000,0.000000,
			0.000000,-0.010000,-0.000000,0.000000,
			0.000000,0.000000,0.000000,1.000000;;,
			21;16;
			0.010000,0.000000,0.000000,0.000000,
			0.000000,-0.000000,0.010000,0.000000,
			0.000000,-0.010000,-0.000000,0.000000,
			0.000000,0.000000,0.000000,1.000000;;,
			22;16;
			0.010000,0.000000,0.000000,0.000000,
			0.000000,-0.000000,0.010000,0.000000,
			0.000000,-0.010000,-0.000000,0.000000,
			0.000000,0.000000,0.000000,1.000000;;,
			23;16;
			0.010000,0.000000,0.000000,0.000000,
			0.000000,-0.000000,0.010000,0.000000,
			0.000000,-0.010000,-0.000000,0.000000,
			0.000000,0.000000,0.000000,1.000000;;,
			24;16;
			0.010000,0.000000,0.000000,0.000000,
			0.000000,-0.000000,0.010000,0.000000,
			0.000000,-0.010000,-0.000000,0.000000,
			0.000000,0.000000,0.000000,1.000000;;,
			25;16;
			0.010000,0.000000,0.000000,0.000000,
			0.000000,-0.000000,0.010000,0.000000,
			0.000000,-0.010000,-0.000000,0.000000,
			0.000000,0.000000,0.000000,1.000000;;,
			26;16;
			0.010000,0.000000,0.000000,0.000000,
			0.000000,-0.000000,0.010000,0.000000,
			0.000000,-0.010000,-0.000000,0.000000,
			0.000000,0.000000,0.000000,1.000000;;,
			27;16;
			0.010000,0.000000,0.000000,0.000000,
			0.000000,-0.000000,0.010000,0.000000,
			0.000000,-0.010000,-0.000000,0.000000,
			0.000000,0.000000,0.000000,1.000000;;,
			28;16;
			0.010000,0.000000,0.000000,0.000000,
			0.000000,-0.000000,0.010000,0.000000,
			0.000000,-0.010000,-0.000000,0.000000,
			0.000000,0.000000,0.000000,1.000000;;,
			29;16;
			0.010000,0.000000,0.000000,0.000000,
			0.000000,-0.000000,0.010000,0.000000,
			0.000000,-0.010000,-0.000000,0.000000,
			0.000000,0.000000,0.000000,1.000000;;,
			30;16;
			0.010000,0.000000,0.000000,0.000000,
			0.000000,-0.000000,0.010000,0.000000,
			0.000000,-0.010000,-0.000000,0.000000,
			0.000000,0.000000,0.000000,1.000000;;,
			31;16;
			0.010000,0.000000,0.000000,0.000000,
			0.000000,-0.000000,0.010000,0.000000,
			0.000000,-0.010000,-0.000000,0.000000,
			0.000000,0.000000,0.000000,1.000000;;,
			32;16;
			0.010000,0.000000,0.000000,0.000000,
			0.000000,-0.000000,0.010000,0.000000,
			0.000000,-0.010000,-0.000000,0.000000,
			0.000000,0.000000,0.000000,1.000000;;,
			33;16;
			0.010000,0.000000,0.000000,0.000000,
			0.000000,-0.000000,0.010000,0.000000,
			0.000000,-0.010000,-0.000000,0.000000,
			0.000000,0.000000,0.000000,1.000000;;,
			34;16;
			0.010000,0.000000,0.000000,0.000000,
			0.000000,-0.000000,0.010000,0.000000,
			0.000000,-0.010000,-0.000000,0.000000,
			0.000000,0.000000,0.000000,1.000000;;,
			35;16;
			0.010000,0.000000,0.000000,0.000000,
			0.000000,-0.000000,0.010000,0.000000,
			0.000000,-0.010000,-0.000000,0.000000,
			0.000000,0.000000,0.000000,1.000000;;,
			36;16;
			0.010000,0.000000,0.000000,0.000000,
			0.000000,-0.000000,0.010000,0.000000,
			0.000000,-0.010000,-0.000000,0.000000,
			0.000000,0.000000,0.000000,1.000000;;,
			37;16;
			0.010000,0.000000,0.000000,0.000000,
			0.000000,-0.000000,0.010000,0.000000,
			0.000000,-0.010000,-0.000000,0.000000,
			0.000000,0.000000,0.000000,1.000000;;,
			38;16;
			0.010000,0.000000,0.000000,0.000000,
			0.000000,-0.000000,0.010000,0.000000,
			0.000000,-0.010000,-0.000000,0.000000,
			0.000000,0.000000,0.000000,1.000000;;,
			39;16;
			0.010000,0.000000,0.000000,0.000000,
			0.000000,-0.000000,0.010000,0.000000,
			0.000000,-0.010000,-0.000000,0.000000,
			0.000000,0.000000,0.000000,1.000000;;,
			40;16;
			0.010000,0.000000,0.000000,0.000000,
			0.000000,-0.000000,0.010000,0.000000,
			0.000000,-0.010000,-0.000000,0.000000,
			0.000000,0.000000,0.000000,1.000000;;;
		}
	}
	Animation {
		{pelvis}
		AnimationKey {
			4;
			41;
			0;16;
			0.026554,-0.110278,-0.993546,0.000000,
			-0.062064,0.991797,-0.111743,0.000000,
			0.997719,0.064631,0.019492,0.000000,
			0.000000,-3.327252,-66.622047,1.000000;;,
			1;16;
			0.026458,-0.110279,-0.993549,0.000000,
			-0.061012,0.991865,-0.111717,0.000000,
			0.997786,0.063574,0.019514,0.000000,
			0.000000,-3.327252,-66.757751,1.000000;;,
			2;16;
			0.026075,-0.110375,-0.993548,0.000000,
			-0.057760,0.992059,-0.111725,0.000000,
			0.997990,0.060300,0.019492,0.000000,
			0.000000,-3.327252,-67.129845,1.000000;;,
			3;16;
			0.025596,-0.110472,-0.993550,0.000000,
			-0.052689,0.992345,-0.111695,0.000000,
			0.998283,0.055208,0.019579,0.000000,
			0.000000,-3.327252,-67.685799,1.000000;;,
			4;16;
			0.024829,-0.110664,-0.993548,0.000000,
			-0.045989,0.992675,-0.111716,0.000000,
			0.998633,0.048466,0.019557,0.000000,
			0.000000,-3.327252,-68.373085,1.000000;;,
			5;16;
			0.023870,-0.110858,-0.993550,0.000000,
			-0.037850,0.993020,-0.111708,0.000000,
			0.998998,0.040272,0.019507,0.000000,
			0.000000,-3.327252,-69.139168,1.000000;;,
			6;16;
			0.022816,-0.111051,-0.993553,0.000000,
			-0.028559,0.993333,-0.111682,0.000000,
			0.999332,0.030923,0.019492,0.000000,
			0.000000,-3.327252,-69.931511,1.000000;;,
			7;16;
			0.021666,-0.111339,-0.993546,0.000000,
			-0.018211,0.993571,-0.111739,0.000000,
			0.999599,0.020514,0.019499,0.000000,
			0.000000,-3.327252,-70.697594,1.000000;;,
			8;16;
			0.020419,-0.111533,-0.993551,0.000000,
			-0.007093,0.993717,-0.111697,0.000000,
			0.999766,0.009328,0.019500,0.000000,
			0.000000,-3.327252,-71.384880,1.000000;;,
			9;16;
			0.019173,-0.111821,-0.993543,0.000000,
			0.004505,0.993726,-0.111755,0.000000,
			0.999806,-0.002333,0.019557,0.000000,
			0.000000,-3.327252,-71.940834,1.000000;;,
			10;16;
			0.017832,-0.112014,-0.993547,0.000000,
			0.016487,0.993602,-0.111725,0.000000,
			0.999705,-0.014388,0.019564,0.000000,
			0.000000,-3.327252,-72.312927,1.000000;;,
			11;16;
			0.016394,-0.112208,-0.993549,0.000000,
			0.028563,0.993330,-0.111712,0.000000,
			0.999458,-0.026547,0.019489,0.000000,
			0.000000,-3.327252,-72.448631,1.000000;;,
			12;16;
			0.015052,-0.112401,-0.993549,0.000000,
			0.040539,0.992913,-0.111715,0.000000,
			0.999065,-0.038596,0.019502,0.000000,
			0.000000,-3.327252,-72.285492,1.000000;;,
			13;16;
			0.013805,-0.112593,-0.993545,0.000000,
			0.052222,0.992365,-0.111734,0.000000,
			0.998540,-0.050343,0.019580,0.000000,
			0.000000,-3.327252,-71.842667,1.000000;;,
			14;16;
			0.012463,-0.112691,-0.993552,0.000000,
			0.063325,0.991723,-0.111689,0.000000,
			0.997915,-0.061525,0.019496,0.000000,
			0.000000,-3.327252,-71.190094,1.000000;;,
			15;16;
			0.011313,-0.112787,-0.993555,0.000000,
			0.073560,0.991020,-0.111662,0.000000,
			0.997227,-0.071823,0.019508,0.000000,
			0.000000,-3.327252,-70.397675,1.000000;;,
			16;16;
			0.010258,-0.112979,-0.993544,0.000000,
			0.082927,0.990270,-0.111751,0.000000,
			0.996503,-0.081245,0.019528,0.000000,
			0.000000,-3.327252,-69.535339,1.000000;;,
			17;16;
			0.009395,-0.112980,-0.993553,0.000000,
			0.091046,0.989566,-0.111666,0.000000,
			0.995802,-0.089410,0.019584,0.000000,
			0.000000,-3.327252,-68.673004,1.000000;;,
			18;16;
			0.008629,-0.113076,-0.993549,0.000000,
			0.097727,0.988925,-0.111701,0.000000,
			0.995176,-0.096133,0.019584,0.000000,
			0.000000,-3.327252,-67.880585,1.000000;;,
			19;16;
			0.008053,-0.113077,-0.993554,0.000000,
			0.102783,0.988417,-0.111659,0.000000,
			0.994671,-0.101222,0.019582,0.000000,
			0.000000,-3.327252,-67.228012,1.000000;;,
			20;16;
			0.007670,-0.113172,-0.993546,0.000000,
			0.105930,0.988076,-0.111731,0.000000,
			0.994344,-0.104389,0.019567,0.000000,
			0.000000,-3.327252,-66.785187,1.000000;;,
			21;16;
			0.007478,-0.113172,-0.993547,0.000000,
			0.107074,0.987953,-0.111729,0.000000,
			0.994223,-0.105548,0.019506,0.000000,
			0.000000,-3.327252,-66.622047,1.000000;;,
			22;16;
			0.007670,-0.113172,-0.993546,0.000000,
			0.105644,0.988106,-0.111737,0.000000,
			0.994374,-0.104105,0.019534,0.000000,
			0.000000,-3.327252,-66.786568,1.000000;;,
			23;16;
			0.008149,-0.113077,-0.993553,0.000000,
			0.101830,0.988515,-0.111668,0.000000,
			0.994769,-0.100263,0.019570,0.000000,
			0.000000,-3.327252,-67.233131,1.000000;;,
			24;16;
			0.008820,-0.113076,-0.993547,0.000000,
			0.095723,0.989118,-0.111722,0.000000,
			0.995369,-0.094120,0.019548,0.000000,
			0.000000,-3.327252,-67.891235,1.000000;;,
			25;16;
			0.009683,-0.112980,-0.993550,0.000000,
			0.087799,0.989855,-0.111704,0.000000,
			0.996091,-0.086151,0.019504,0.000000,
			0.000000,-3.327252,-68.690346,1.000000;;,
			26;16;
			0.010833,-0.112883,-0.993549,0.000000,
			0.078149,0.990664,-0.111703,0.000000,
			0.996883,-0.076434,0.019554,0.000000,
			0.000000,-3.327252,-69.559975,1.000000;;,
			27;16;
			0.012080,-0.112786,-0.993546,0.000000,
			0.067152,0.991467,-0.111734,0.000000,
			0.997670,-0.065369,0.019550,0.000000,
			0.000000,-3.327252,-70.429604,1.000000;;,
			28;16;
			0.013422,-0.112594,-0.993550,0.000000,
			0.055190,0.992209,-0.111696,0.000000,
			0.998386,-0.053335,0.019531,0.000000,
			0.000000,-3.327252,-71.228722,1.000000;;,
			29;16;
			0.014860,-0.112401,-0.993552,0.000000,
			0.042455,0.992836,-0.111685,0.000000,
			0.998988,-0.040521,0.019525,0.000000,
			0.000000,-3.327252,-71.886818,1.000000;;,
			30;16;
			0.016394,-0.112208,-0.993549,0.000000,
			0.029233,0.993312,-0.111698,0.000000,
			0.999438,-0.027214,0.019564,0.000000,
			0.000000,-3.327252,-72.333382,1.000000;;,
			31;16;
			0.017832,-0.112014,-0.993547,0.000000,
			0.015912,0.993611,-0.111736,0.000000,
			0.999714,-0.013817,0.019500,0.000000,
			0.000000,-3.327252,-72.497910,1.000000;;,
			32;16;
			0.019365,-0.111726,-0.993550,0.000000,
			0.002684,0.993739,-0.111694,0.000000,
			0.999809,-0.000504,0.019544,0.000000,
			0.000000,-3.327252,-72.296402,1.000000;;,
			33;16;
			0.020803,-0.111437,-0.993554,0.000000,
			-0.010064,0.993695,-0.111663,0.000000,
			0.999733,0.012322,0.019550,0.000000,
			0.000000,-3.327252,-71.756371,1.000000;;,
			34;16;
			0.022145,-0.111243,-0.993546,0.000000,
			-0.022139,0.993492,-0.111730,0.000000,
			0.999510,0.024471,0.019538,0.000000,
			0.000000,-3.327252,-70.974533,1.000000;;,
			35;16;
			0.023391,-0.110954,-0.993550,0.000000,
			-0.033061,0.993193,-0.111693,0.000000,
			0.999180,0.035460,0.019563,0.000000,
			0.000000,-3.327252,-70.047615,1.000000;;,
			36;16;
			0.024445,-0.110760,-0.993546,0.000000,
			-0.042734,0.992819,-0.111731,0.000000,
			0.998787,0.045189,0.019537,0.000000,
			0.000000,-3.327252,-69.072334,1.000000;;,
			37;16;
			0.025308,-0.110568,-0.993546,0.000000,
			-0.050775,0.992440,-0.111738,0.000000,
			0.998389,0.053275,0.019502,0.000000,
			0.000000,-3.327252,-68.145416,1.000000;;,
			38;16;
			0.025979,-0.110375,-0.993550,0.000000,
			-0.056899,0.992111,-0.111703,0.000000,
			0.998042,0.059434,0.019494,0.000000,
			0.000000,-3.327252,-67.363579,1.000000;;,
			39;16;
			0.026458,-0.110279,-0.993549,0.000000,
			-0.060725,0.991884,-0.111711,0.000000,
			0.997804,0.063289,0.019546,0.000000,
			0.000000,-3.327252,-66.823547,1.000000;;,
			40;16;
			0.026554,-0.110278,-0.993546,0.000000,
			-0.062064,0.991797,-0.111743,0.000000,
			0.997719,0.064631,0.019492,0.000000,
			0.000000,-3.327252,-66.622047,1.000000;;;
		}
	}
	Animation {
		{spine_01}
		AnimationKey {
			4;
			41;
			0;16;
			0.991627,-0.125395,0.030866,0.000000,
			0.125327,0.992107,0.004121,0.000000,
			-0.031139,-0.000218,0.999515,0.000000,
			11.897056,-2.768344,-0.000000,1.000000;;,
			1;16;
			0.991671,-0.125111,0.030579,0.000000,
			0.125043,0.992143,0.004121,0.000000,
			-0.030854,-0.000263,0.999524,0.000000,
			11.897056,-2.768344,-0.000000,1.000000;;,
			2;16;
			0.991796,-0.124354,0.029620,0.000000,
			0.124289,0.992238,0.004025,0.000000,
			-0.029891,-0.000310,0.999553,0.000000,
			11.897056,-2.768344,-0.000000,1.000000;;,
			3;16;
			0.991979,-0.123218,0.028183,0.000000,
			0.123161,0.992380,0.003738,0.000000,
			-0.028429,-0.000237,0.999596,0.000000,
			11.897056,-2.768344,-0.000000,1.000000;;,
			4;16;
			0.992207,-0.121797,0.026266,0.000000,
			0.121746,0.992555,0.003546,0.000000,
			-0.026503,-0.000321,0.999649,0.000000,
			11.897056,-2.768344,-0.000000,1.000000;;,
			5;16;
			0.992464,-0.120187,0.023870,0.000000,
			0.120146,0.992751,0.003163,0.000000,
			-0.024077,-0.000271,0.999710,0.000000,
			11.897056,-2.768344,-0.000000,1.000000;;,
			6;16;
			0.992730,-0.118482,0.021186,0.000000,
			0.118447,0.992956,0.002876,0.000000,
			-0.021378,-0.000345,0.999771,0.000000,
			11.897056,-2.768344,-0.000000,1.000000;;,
			7;16;
			0.992993,-0.116775,0.018119,0.000000,
			0.116749,0.993158,0.002492,0.000000,
			-0.018286,-0.000359,0.999833,0.000000,
			11.897056,-2.768344,-0.000000,1.000000;;,
			8;16;
			0.993224,-0.115258,0.014860,0.000000,
			0.115241,0.993335,0.002013,0.000000,
			-0.014993,-0.000287,0.999888,0.000000,
			11.897056,-2.768344,-0.000000,1.000000;;,
			9;16;
			0.993434,-0.113835,0.011408,0.000000,
			0.113824,0.993500,0.001630,0.000000,
			-0.011520,-0.000321,0.999934,0.000000,
			11.897056,-2.768344,-0.000000,1.000000;;,
			10;16;
			0.993598,-0.112696,0.007861,0.000000,
			0.112690,0.993629,0.001150,0.000000,
			-0.007941,-0.000257,0.999968,0.000000,
			11.897056,-2.768344,-0.000000,1.000000;;,
			11;16;
			0.993706,-0.111936,0.004218,0.000000,
			0.111934,0.993715,0.000767,0.000000,
			-0.004278,-0.000290,0.999991,0.000000,
			11.897056,-2.768344,-0.000000,1.000000;;,
			12;16;
			0.993747,-0.111651,0.000575,0.000000,
			0.111651,0.993747,0.000288,0.000000,
			-0.000603,-0.000222,1.000000,0.000000,
			11.897056,-2.768344,-0.000000,1.000000;;,
			13;16;
			0.993668,-0.112318,-0.002972,0.000000,
			0.112318,0.993672,-0.000096,0.000000,
			0.002964,-0.000239,0.999996,0.000000,
			11.897056,-2.768344,-0.000000,1.000000;;,
			14;16;
			0.993456,-0.114030,-0.006424,0.000000,
			0.114029,0.993477,-0.000575,0.000000,
			0.006447,-0.000161,0.999979,0.000000,
			11.897056,-2.768344,-0.000000,1.000000;;,
			15;16;
			0.993132,-0.116599,-0.009683,0.000000,
			0.116595,0.993179,-0.000959,0.000000,
			0.009729,-0.000177,0.999953,0.000000,
			11.897056,-2.768344,-0.000000,1.000000;;,
			16;16;
			0.992725,-0.119736,-0.012655,0.000000,
			0.119728,0.992806,-0.001438,0.000000,
			0.012736,-0.000088,0.999919,0.000000,
			11.897056,-2.768344,-0.000000,1.000000;;,
			17;16;
			0.992279,-0.123062,-0.015435,0.000000,
			0.123048,0.992399,-0.001821,0.000000,
			0.015542,-0.000092,0.999879,0.000000,
			11.897056,-2.768344,-0.000000,1.000000;;,
			18;16;
			0.991810,-0.126481,-0.017736,0.000000,
			0.126462,0.991969,-0.002204,0.000000,
			0.017872,-0.000057,0.999840,0.000000,
			11.897056,-2.768344,-0.000000,1.000000;;,
			19;16;
			0.991370,-0.129614,-0.019653,0.000000,
			0.129588,0.991565,-0.002588,0.000000,
			0.019823,0.000019,0.999804,0.000000,
			11.897056,-2.768344,-0.000000,1.000000;;,
			20;16;
			0.991000,-0.132175,-0.021187,0.000000,
			0.132144,0.991226,-0.002875,0.000000,
			0.021381,0.000050,0.999771,0.000000,
			11.897056,-2.768344,-0.000000,1.000000;;,
			21;16;
			0.990752,-0.133883,-0.022049,0.000000,
			0.133848,0.990997,-0.003067,0.000000,
			0.022261,0.000087,0.999752,0.000000,
			11.897056,-2.768344,-0.000000,1.000000;;,
			22;16;
			0.990655,-0.134547,-0.022337,0.000000,
			0.134512,0.990907,-0.003067,0.000000,
			0.022546,0.000034,0.999746,0.000000,
			11.897056,-2.768344,-0.000000,1.000000;;,
			23;16;
			0.990754,-0.133883,-0.021953,0.000000,
			0.133850,0.990997,-0.002971,0.000000,
			0.022153,0.000005,0.999755,0.000000,
			11.897056,-2.768344,-0.000000,1.000000;;,
			24;16;
			0.991039,-0.131987,-0.020516,0.000000,
			0.131958,0.991251,-0.002780,0.000000,
			0.020703,0.000048,0.999786,0.000000,
			11.897056,-2.768344,-0.000000,1.000000;;,
			25;16;
			0.991431,-0.129332,-0.018407,0.000000,
			0.129309,0.991601,-0.002396,0.000000,
			0.018562,-0.000004,0.999828,0.000000,
			11.897056,-2.768344,-0.000000,1.000000;;,
			26;16;
			0.991904,-0.126009,-0.015723,0.000000,
			0.125995,0.992029,-0.001917,0.000000,
			0.015839,-0.000080,0.999875,0.000000,
			11.897056,-2.768344,-0.000000,1.000000;;,
			27;16;
			0.992404,-0.122401,-0.012367,0.000000,
			0.122393,0.992481,-0.001438,0.000000,
			0.012450,-0.000087,0.999923,0.000000,
			11.897056,-2.768344,-0.000000,1.000000;;,
			28;16;
			0.992882,-0.118789,-0.008629,0.000000,
			0.118786,0.992919,-0.000863,0.000000,
			0.008670,-0.000168,0.999962,0.000000,
			11.897056,-2.768344,-0.000000,1.000000;;,
			29;16;
			0.993291,-0.115555,-0.004506,0.000000,
			0.115555,0.993301,-0.000287,0.000000,
			0.004509,-0.000235,0.999990,0.000000,
			11.897056,-2.768344,-0.000000,1.000000;;,
			30;16;
			0.993618,-0.112794,-0.000192,0.000000,
			0.112794,0.993618,0.000288,0.000000,
			0.000158,-0.000307,1.000000,0.000000,
			11.897056,-2.768344,-0.000000,1.000000;;,
			31;16;
			0.993813,-0.110983,0.004218,0.000000,
			0.110981,0.993822,0.000863,0.000000,
			-0.004288,-0.000389,0.999991,0.000000,
			11.897056,-2.768344,-0.000000,1.000000;;,
			32;16;
			0.993859,-0.110313,0.008629,0.000000,
			0.110306,0.993897,0.001342,0.000000,
			-0.008724,-0.000382,0.999962,0.000000,
			11.897056,-2.768344,-0.000000,1.000000;;,
			33;16;
			0.993739,-0.110975,0.012942,0.000000,
			0.110959,0.993823,0.001917,0.000000,
			-0.013075,-0.000469,0.999914,0.000000,
			11.897056,-2.768344,-0.000000,1.000000;;,
			34;16;
			0.993484,-0.112683,0.017065,0.000000,
			0.112658,0.993631,0.002396,0.000000,
			-0.017226,-0.000458,0.999852,0.000000,
			11.897056,-2.768344,-0.000000,1.000000;;,
			35;16;
			0.993139,-0.115055,0.020899,0.000000,
			0.115022,0.993359,0.002780,0.000000,
			-0.021080,-0.000357,0.999778,0.000000,
			11.897056,-2.768344,-0.000000,1.000000;;,
			36;16;
			0.992743,-0.117807,0.024158,0.000000,
			0.117763,0.993036,0.003259,0.000000,
			-0.024374,-0.000390,0.999703,0.000000,
			11.897056,-2.768344,-0.000000,1.000000;;,
			37;16;
			0.992329,-0.120654,0.026937,0.000000,
			0.120599,0.992695,0.003642,0.000000,
			-0.027180,-0.000365,0.999631,0.000000,
			11.897056,-2.768344,-0.000000,1.000000;;,
			38;16;
			0.991978,-0.123025,0.029046,0.000000,
			0.122962,0.992404,0.003929,0.000000,
			-0.029308,-0.000326,0.999570,0.000000,
			11.897056,-2.768344,-0.000000,1.000000;;,
			39;16;
			0.991725,-0.124731,0.030387,0.000000,
			0.124664,0.992190,0.004121,0.000000,
			-0.030664,-0.000298,0.999530,0.000000,
			11.897056,-2.768344,-0.000000,1.000000;;,
			40;16;
			0.991627,-0.125395,0.030866,0.000000,
			0.125327,0.992107,0.004121,0.000000,
			-0.031139,-0.000218,0.999515,0.000000,
			11.897056,-2.768344,-0.000000,1.000000;;;
		}
	}
	Animation {
		{spine_02}
		AnimationKey {
			4;
			41;
			0;16;
